0.2982140578624992           0.19573476192249786
1.0111363670372095           0.27290701076158863
2.1331010974213878           0.4667412542133686
4.16813966820551           0.8787485656560391
8.113324516289595           1.7378273895370584
16.08055899757479           3.5678557045340495
32.84676075029548           7.682013833433813
70.88166469654438           18.457412632335277
182.79594382719614           68.70942095976777
5695.351272105901           61.951003136850126
6700.673370609496           6193.754807437762
14075.653510837243           510.4653868553551
17922.30896307357           306.57780253493377
24148.21867152558           646.1182656293087
89494.55568745716           133.54891480793373
159770.32106945827           385.06080177916385
