Freq:  0.2982140578624992
0.010832654068822169
0.02811016656369842
0.05447561154332023
0.10105230423141218
0.18640911442171826
0.3391910092980581
0.6016263415913978
1.0094160239716432
1.0925246027447857
0.8204135386228789
-0.2783478965866368
1.811966451982974
0.8203778010966517
-3.092983115848768
18.130768223912476
-19.288597527737323
Freq:  1.0111363670372095
0.01083216081468248
0.02811038469177695
0.05444451699853503
0.10084002558857089
0.1846830947386902
0.32806751273970497
0.5320016864091988
0.6455851656028556
-0.140097718338294
0.34442574814856464
-9696.389756877677
11218.377405572332
-1527.9659908947003
4.235646832947802
-1.7686842452062062
2.0879773938763595
Freq:  2.1331010974213878
0.010829767734396156
0.028113513765021237
0.05432066697455422
0.10005542015284861
0.17816431355505924
0.2872639053568294
0.29213251900303217
-0.3401050368164936
-1.6155468931826207
0.4129752404454942
5.104556968294877
0.8681627638210992
-5.03715725720061
0.1756371093555292
-4.553090613005421
4.604996730376146
Freq:  4.16813966820551
0.010807788199892771
0.028176680030953603
0.053728075540108784
0.09756693381875903
0.15427812990996206
0.15491679647912207
-0.3091209935869187
-0.8300965970260947
2.097154450407883
-2.14393832830435
5.4769110041551405
3.828997156229302
-7.970250644566947
-3.569241534638635
7.049536252984997
-3.2705591557509095
Freq:  8.113324516289595
0.010871376132492871
0.02780898804937588
0.05318239850690142
0.0841532735872163
0.0833909716306264
-0.20223884539689072
-0.3624675441095137
1.1956814037764263
-11.553141595565373
37.20007586443192
-530134.0159212333
615231.354475474
-85346.38791145674
586.1704073163977
-1090.516490800974
766.8503292096699
Freq:  16.08055899757479
0.010684569811261606
0.028300213875448944
0.04559826483787089
0.04974713545093833
-0.13068239401875822
-0.10864764159750541
0.31493433295161116
-1.1524401249294114
15.57108624502128
-54.261986748667724
847144.1622223981
-983378.1828691089
136640.09135916855
-976.6493868056702
1843.5688117529262
-1302.467280049106
Freq:  32.84676075029548
0.011117747976410637
0.024757019760801784
0.031387111669824615
-0.07560922469685634
-0.022769332285576406
0.08311947946119708
-0.17865250420960962
0.8091979530238914
-12.351312609970075
44.50842822852028
-729438.5456237514
846877.3288428022
-117793.38338059062
865.0529127073054
-1651.1391914145067
1170.872625957279
Freq:  70.88166469654438
0.010286977463493222
0.020929047403442726
-0.037570124286968834
-0.00024173603789908317
0.016066221736216323
-0.022743004192063966
0.03766968234249661
-0.0970542428716399
0.5172965959969881
-0.8575415756018926
5.804254706505848
3.9562543665965215
-9.0267546249828
-2.619122989095938
6.616538243093097
-3.8241318534745874
Freq:  182.79594382719614
0.010145324886083025
-0.011662099503956878
0.00039925647014256487
0.00287339702578468
-0.004311939787709738
0.007247575021972502
-0.017956182767652738
0.09089763730157877
-1.4611767426486488
5.3362587846729825
-88940.53833281153
103264.65819735084
-14367.511879818452
106.21114297421538
-203.09379468827072
144.08740257720703
Freq:  5695.351272105901
2.2295963529995732e-05
-4.322239258571612e-05
4.227209114927337e-05
-4.563092574095881e-05
5.8201961825694035e-05
-9.561778705747375e-05
0.00023609335803737705
-0.0011950556132794457
0.01920871028576026
-0.0701281330194861
1167.1046171902697
-1355.0582846930001
188.52245302600647
-1.3904237528598236
2.654316516058879
-1.8817970768990695
Freq:  6700.673370609496
1.6073743644386707e-05
-3.11030045191935e-05
3.014321414609183e-05
-3.1909268526854665e-05
3.9112122381728863e-05
-5.9561215903358825e-05
0.00012790249103818594
-0.0005018226436056063
0.005199071263088809
-0.013705210088088164
28.34501275089397
-31.91534422570839
3.539917740714966
0.18613759011035333
-0.5679607189960634
0.45855879861476545
Freq:  14075.653510837243
3.6461901862896866e-06
-7.066287346533453e-06
6.866451448924279e-06
-7.312586169463614e-06
9.073018155785832e-06
-1.4152345488883871e-05
3.186716261108691e-05
-0.00013792630151949562
0.0017567721625601541
-0.005567488244292549
60.67676447446127
-70.28943231050131
9.635185794754998
-0.037291791676817135
0.03772373546182285
-0.018029473374139605
Freq:  17922.30896307357
2.244668430159617e-06
-4.3599763578509855e-06
4.246278497935553e-06
-4.5384989753731435e-06
5.672389997515729e-06
-8.97306047273582e-06
2.0741083442683932e-05
-9.421758210133643e-05
0.0013017347095988202
-0.004360030601385479
57.65794045771021
-66.86897739953248
9.235825613155349
-0.05223044107646739
0.08380506015898598
-0.05524372879847378
Freq:  24148.21867152558
1.2353906485452485e-06
-2.400714225669387e-06
2.3307306686655005e-06
-2.4783472053336773e-06
3.0647547146704826e-06
-4.749164726958958e-06
1.0557950871809496e-05
-4.454879110012747e-05
0.0005404342471554426
-0.001648926833544696
15.120457210089137
-17.493947923261466
2.378115686822884
-0.004354307476448448
-0.004967765643047808
0.0070210151954384955
Freq:  89494.55568745716
8.992689316267191e-08
-1.7470315203543287e-07
1.694355064208071e-07
-1.7973984208071933e-07
2.2117273143018937e-07
-3.393881048297659e-07
7.400764303342258e-07
-3.0016482045862325e-06
3.356055941897487e-05
-9.54255338417153e-05
0.5585533514850725
-0.6433663341464904
0.08485633038665047
0.0004732333564126216
-0.0020081464173893615
0.0017146120615284394
Freq:  159770.32106945827
2.8212698074001522e-08
-5.4802471808170286e-08
5.312652552754392e-08
-5.630147305746985e-08
6.913778727692457e-08
-1.0566238043806936e-07
2.2856322387434375e-07
-9.110378482403078e-07
9.785656540643034e-06
-2.6756255118819475e-05
0.10419752400220961
-0.11927371653362073
0.01505099782918845
0.0002539927754355315
-0.0008520066926821501
0.0007006103203516661
