0.002084899635143632           0.005416105418852251
0.011596396425336273           0.01405616308721933
0.03168084533537668           0.02723684039244524
0.06940396537478637           0.05054110531130203
0.13918227360788493           0.09327672859763482
0.26724647708153826           0.1701556351135823
0.49839945972774774           0.30409606952765955
0.9045377077276442           0.5240964589273271
1.5305001383308434           0.601729830935022
1.9177981569446678           0.5069495366327506
3.0623372288347293           0.5709264554160036
3.0682653918500935           0.6990463708860214
3.1071006522857867           0.48486567592695745
4.63867172445289           0.4850288768957154
5.756055977159781           0.8784144765372404
6.250206967340302           1.3141530256066078
