Freq:  0.222359337
4.459624467112008e-05
0.00013003629592204995
0.00030586532216643844
0.0006902926386072358
0.0014934792144147568
0.003099188354016526
0.006196071016911895
0.011995331086274446
0.022574628894772894
0.04144575766911246
0.07441565050839814
0.13098944422678954
0.22634646182585422
0.38441750196674596
0.6408638143598615
1.0441168553620033
1.6336116552543205
2.330438088246633
2.3917369984685366
-1.937779588179275
Freq:  0.716010496
4.407146456458626e-05
0.0001294957362382288
0.0003054131600886922
0.0006895367194131392
0.0014936689777325382
0.0030969272186018647
0.0061999774053178225
0.011984824114265031
0.022595355539292306
0.041387619793646566
0.0744552287055585
0.13040314667721614
0.22474061450824023
0.37269947505479634
0.589881735987749
0.7921656017332191
0.6054043686828126
-1.3718913354813371
-4.437043314530499
5.980270880963252
Freq:  1.371004523
4.444697454023212e-05
0.00012996968459147204
0.00030538271290389443
0.0006913231214116668
0.001489973931563973
0.00310775615941261
0.006174691435542175
0.01204320909244126
0.022459669911257092
0.041641204023098226
0.07366205524859176
0.13057426690061227
0.2160059062964926
0.3473771480304684
0.4282640389417741
0.20960034008277756
-1.3245464388007644
-1.7643747532739513
3.684371304781938
-9.615889651486098
Freq:  2.347345826
4.149692328822311e-05
0.0001267253691297026
0.0003037004360686156
0.0006841182289490967
0.0014996366633605854
0.0030730830575250766
0.006250628344102054
0.011860326808384298
0.0228513523350373
0.04069149181076777
0.07503820074660279
0.12372504876430011
0.20871107318063223
0.25001674340867575
0.13664626547373904
-0.8792361366770447
-0.8251255372047036
1.8000883127218361
-2.8311073953320345
11.47103074736425
Freq:  3.900598566
4.429620315822329e-05
0.0001301527725714619
0.00030388530218306535
0.0006959383133335417
0.0014762552033018134
0.0031428237292526343
0.006088216169626319
0.012235461633437628
0.02197161798980103
0.042319847941795836
0.06973364359687759
0.12457702184668369
0.14967802251161003
0.11076240455445706
-0.5271746936330641
-0.4818099156219271
0.944421351545633
-1.1207420216570088
2.227828382243459
-11.049422764643882
Freq:  6.463526503
4.496499995765152e-05
0.00012977726725065507
0.00030876601416340903
0.0006816948236249955
0.001519328313046912
0.003032855307453235
0.006355304861092208
0.011602496876274739
0.023279697909190687
0.038677102730728
0.0728034462786261
0.08975533744642726
0.08557896487874901
-0.29585572716407055
-0.31508088233002696
0.5238494423109628
-0.5102037825382001
0.7028230341545765
-1.6697091941477193
9.068424630831482
Freq:  10.79465379
4.4889774200194496e-05
0.00013159633806632438
0.0003039135701849706
0.0006966741199208127
0.0014610435163859568
0.0031840824261288657
0.005982621975121475
0.012433508923441883
0.02108336869571286
0.0413895082024012
0.05335356326335548
0.060920248321029796
-0.15609215479199265
-0.21150861234410873
0.2967722664527299
-0.24871462904513528
0.27355289286106677
-0.44633109542007415
1.1590318564589202
-6.5867856911025955
Freq:  18.25745949
4.475031718161101e-05
0.0001292326445269581
0.0003098762338053219
0.0006767437150397564
0.001532388545349422
0.0029953448065048014
0.00642618394774854
0.011260790402619791
0.02283682421601881
0.031216348436260626
0.04047366731610693
-0.07697342409962216
-0.13981910501457082
0.16749180131791824
-0.12419005599480078
0.11767874131807073
-0.15357607438026938
0.2741284429698169
-0.7445071369847034
4.336119297259327
Freq:  31.35867054
4.451311666881201e-05
0.0001309894087376441
0.0003015913008964262
0.0007049947505271418
0.001450395316614172
0.0032040735517311052
0.005867095300825776
0.01220979841240046
0.017874392706310683
0.0254164816982229
-0.03486868234909209
-0.0895253590100241
0.0925990937234938
-0.06157476856007842
0.052472206990318626
-0.059512338312978336
0.085183257927434
-0.15908765057014382
0.4425697603552655
-2.61349279270449
Freq:  54.81305517
4.47709388190901e-05
0.00012916152415090853
0.00031025724326310864
0.0006752629475372228
0.0015348566874057747
0.0029664252478683656
0.006313448381670595
0.00996531488219397
0.01521146516953775
-0.013941224428825463
-0.055154323939226764
0.04953134347743843
-0.029549943488065722
0.023126308373794844
-0.02390988070151538
0.029854186746067723
-0.044741855081892185
0.08557938279522978
-0.24126967430671492
1.4360950502743495
Freq:  97.70852536
4.415769626068067e-05
0.00013059909428193424
0.0003015645357170127
0.0007036886611866774
0.0014473225967717416
0.0031501777239637046
0.00538466010198584
0.008706881263088667
-0.004391814138814738
-0.03258234465403417
0.025349519792699997
-0.013366103903431525
0.009611987270051284
-0.009277702601246388
0.01060584527309041
-0.013874478842844108
0.02129152576945502
-0.04125518990309769
0.11717767300357498
-0.7006211992832578
Freq:  178.0448715
4.468092307592923e-05
0.0001293207654526985
0.00030906930667492214
0.0006770764104973166
0.0015082664620043268
0.002805035712781124
0.004776606667145667
-0.000554947631925445
-0.018403797381639646
0.012258048191390668
-0.005485642082524984
0.0035085127591761374
-0.0031525769612090124
0.0033720031128225405
-0.004034815472211068
0.005398171835904825
-0.00838364159706147
0.016354113118281582
-0.0466341975681498
0.27950534838214347
Freq:  332.5806718
4.452992278107662e-05
0.0001304357280693989
0.00030340955079711856
0.0006918423180639966
0.0014016250480697906
0.002505625114847472
0.0006552860955005706
-0.009903040860838028
0.005502251146730333
-0.001885846697794065
0.0009238917837832433
-0.0006998091919571395
0.0006721783763029124
-0.0007354436423671429
0.0008876163062081044
-0.0011919855950342881
0.001854564650673741
-0.0036211670054244046
0.010331339363330992
-0.061941132016206206
Freq:  639.0498109
4.4590760611035633e-05
0.00012997501515196698
0.0003044723852581415
0.0006680904939182326
0.0012542870461613159
0.0008014618558724641
-0.005050226408240885
0.002223943418780883
-0.00040365382268487245
-3.201638699753195e-05
0.00015567997673627995
-0.00022069071408139856
0.00027826230319277274
-0.00034781366263047944
0.000450249126966351
-0.0006284816098522658
0.000999645629598583
-0.0019772564878277757
0.005685062762261464
-0.034248892790244345
Freq:  1268.610234
4.4949614392627336e-05
0.00012925353902759287
0.00030283022498812646
0.0005982283661684022
0.00061115748288487
-0.0024214036208362764
0.0007562540379203629
0.00010215403790972064
-0.00028641211734354584
0.00035322839152614557
-0.0004094703034704275
0.00047471829822049106
-0.0005592221832071578
0.0006786340168657849
-0.0008657460631304033
0.0011990670554684621
-0.001898900139787202
0.0037464706014132786
-0.010755767450992933
0.06473643799142692
Freq:  2616.457002
4.462822335284268e-05
0.00013062120362101868
0.0002739913183388513
0.00038219283895268077
-0.0010768458496023764
0.0001700732729378135
0.00020541223080636637
-0.0002788775914254081
0.00031631538125172107
-0.00035726034317796714
0.00040741699996786965
-0.00047058112940562264
0.0005538506217238748
-0.0006719814673616761
0.000857237881375902
-0.0011872987392637733
0.001880294682065942
-0.0037098108400748413
0.01065061661601231
-0.06410395417588526
Freq:  5648.91326
4.492545987603326e-05
0.00012175147461677381
0.00021234583172984232
-0.00043189794612031717
-2.5390320098882116e-05
0.00017541248634432872
-0.00020432514263852105
0.00022696085946088788
-0.0002552168824223903
0.0002899408256931335
-0.00033222273987716894
0.0003848461246839243
-0.00045370522940315554
0.0005510039445866443
-0.0007032954155797373
0.0009743951332265123
-0.0015434141781085376
0.003045487854030216
-0.008743981922090714
0.05263051624337085
Freq:  12908.65619
4.36096119080453e-05
0.00010979135034372797
-0.00014160036719020017
-7.038889298047946e-05
0.00012380263632218072
-0.00013699722607328518
0.00015248645763988835
-0.00017239127698016627
0.00019637517120558453
-0.0002247021259455126
0.00025846637339779977
-0.00030003198048460635
0.0003541201290328965
-0.00043033650770162
0.0005494751645808622
-0.0007614400387943965
0.0012062461468570968
-0.00238035500364502
0.006834600129059761
-0.0411389653976682
Freq:  31906.12824
4.451520575708466e-05
-1.468169317809708e-05
-7.354424685270313e-05
9.239972856074451e-05
-0.00010407427840312716
0.0001190022037093239
-0.00013678814844770524
0.0001572511626416604
-0.0001806318857184094
0.00020756684395900962
-0.00023928369656868917
0.00027809088248029494
-0.00032843348323283584
0.0003992630745467725
-0.0005099013954856332
0.0007066819308490608
-0.0011195758610996697
0.0022094121371538378
-0.006343934105159854
0.038186118360781195
Freq:  93839.3524
2.135569122879845e-05
-4.347251746614141e-05
5.180710342348277e-05
-6.39107751170342e-05
7.725932346006304e-05
-9.141122158370772e-05
0.00010670296799053435
-0.00012354972350136687
0.00014241539528691167
-0.00016393869009028616
0.000189160483365602
-0.0002199445716275617
0.0002598290084281777
-0.000315909337411595
0.0004034829650760306
-0.0005592210624958916
0.0008859823027551595
-0.0017484585474832957
0.005020436817304072
-0.030219755529106173
