0.0000084767          0.0000222993
0.0000500243          0.0000650137
0.0001532756          0.0001529421
0.0003901826          0.0003451303
0.0009124208          0.0007467652
0.0020157838          0.0015495513
0.0042573084          0.0030981153
0.0086575991          0.0059975238
0.0170415534          0.0112877050
0.0326021220          0.0207227873
0.0608186689          0.0372125395
0.1109321285          0.0655119435
0.1982855746          0.1132889636
0.3480019225          0.1927736341
0.6007372975          0.3233390658
1.0217613929          0.5357619931
1.7159047522          0.8802904393
2.8552241414          1.4464064256
4.7449266064          2.4323501050
8.0730633722          4.5671350238