Freq:  0.188916618754933
1.7681899465638444e-05
4.648669587617655e-05
9.228374116230357e-05
0.00017597756526873683
0.0003317822289907672
0.0006149417199898154
0.001116700668257364
0.001987471575448214
0.0034715555969773264
0.005960881398197381
0.010075619262429638
0.01678755919030312
0.027600912769201156
0.04482616417523961
0.07197042502938802
0.11432403801430133
0.1797588834702053
0.27989184211607415
0.4314275632334553
0.6576014227070817
0.9873687539197478
1.4469682234985226
2.0188761789817624
2.4977415444045885
1.9522087782122917
-3.3310040303985757
Freq:  0.596185083472949
1.7682217217315428e-05
4.648515614703798e-05
9.228799610900303e-05
0.00017596686304830082
0.00033180702101080794
0.0006148867760993799
0.0011168174896183092
0.001987228941336816
0.0034720378474017424
0.005959894688399232
0.010077339137346228
0.016783360648370098
0.02760438889891672
0.04479974197021295
0.07193140412004423
0.11402417008920832
0.1787831480583485
0.2756042554330785
0.41583267418296765
0.5982988582423487
0.7788756003397816
0.7365192227472656
-0.1417543317909855
-2.860720988082244
-4.227131546570749
9.646523439190291
Freq:  1.09771878826088
1.7675298812456254e-05
4.648973686813323e-05
9.22567120306401e-05
0.000176028165393395
0.0003316486079358695
0.000615221781295896
0.0011160882511682827
0.0019887184697510276
0.0034690043030205257
0.005965763076146612
0.010065478140588443
0.01680343198609505
0.02755506688834089
0.04483807065987776
0.07162821099650904
0.11359419842109875
0.1755282299117853
0.265561876262391
0.37296148173412247
0.4539311112805119
0.2864456860253844
-0.5778166347649341
-2.3375347790884846
-0.33886913412029623
4.403114413455399
-15.357381318047441
Freq:  1.77725275197396
1.769638347099128e-05
4.646956086649496e-05
9.236521878434089e-05
0.00017580445513859757
0.0003322132090665488
0.0006140156212752191
0.0011186989235763996
0.001983356086917965
0.003479809696931498
0.005944279728550085
0.010105916317620237
0.01672086959150942
0.02768313636433537
0.04447839602133083
0.0717560426961701
0.11109680927449521
0.17088750227625824
0.23780525389210228
0.2894114792834159
0.14611657275949524
-0.4629848688933781
-1.5774118779456003
0.4567369791858777
1.6751884657614744
-4.158254962917984
20.357984966356575
Freq:  2.75410036343034
1.7653301566886594e-05
4.653383405552673e-05
9.209467273307853e-05
0.000176398294391435
0.0003307558339894811
0.000617165197676492
0.0011119131371918082
0.001997297079016662
0.003451551001481691
0.005999429513242064
0.009996539429048188
0.016916149467653428
0.027255462341416778
0.04499689883031187
0.0695880427494727
0.10999717002261217
0.15225631725094674
0.19344904700957255
0.09426890192845772
-0.2920701138967696
-1.062725559581713
0.44111792891829754
0.7640415346481516
-1.6257678294374227
4.04661449141493
-23.915652523567772
Freq:  4.20774612335241
1.756297493612268e-05
4.6222187516759694e-05
9.247369574460152e-05
0.00017499497800303095
0.00033358333995126097
0.0006104911587674138
0.0011257264981191337
0.0019683150909210884
0.0035093993535026294
0.005883829688859854
0.0102141122852055
0.01647187368443677
0.027952243497869896
0.0430662509352553
0.07041707544052392
0.09692451920703818
0.13108918067324726
0.0674317165086466
-0.1634126201504709
-0.7177109152796248
0.29627393247514794
0.42848092489079187
-0.7895677319912572
1.3835886438041023
-3.875045108608596
25.16586488256559
Freq:  6.41672527199106
1.761958383469477e-05
4.666177504109761e-05
9.171841682427924e-05
0.0001773237126220407
0.0003285917555781971
0.0006219391113970391
0.0011017063476426027
0.0020182779306495
0.0034085066059708637
0.006080637909181965
0.00981912002816983
0.017157981119983807
0.02633526098699817
0.04463573177738402
0.06115268295812738
0.08838379787469994
0.04936070757977967
-0.08262392418366797
-0.47980307481035006
0.17037429617912195
0.2763694185652775
-0.43803313521994036
0.6120950592261659
-1.1600500625074814
3.515127063272489
-23.982883098611527
Freq:  9.82198760064326
1.833810723045486e-05
4.6792011253107314e-05
9.364984240245573e-05
0.00017454291999374882
0.00033688057354123134
0.000605149391223235
0.0011386069466452371
0.001942203126870729
0.0035601579710107076
0.0057722792438321775
0.01038168400548115
0.01591736759666221
0.027927744147027065
0.038217820866484085
0.05876657771102973
0.0359023061825916
-0.03677373867939375
-0.31505552804990705
0.08516000100540606
0.19072012616977113
-0.2621603878707477
0.3129556398681056
-0.46547154334693586
0.9472844118406197
-3.003983669375746
21.087489478952776
Freq:  15.131996317599
1.7593807703471457e-05
4.685851721232024e-05
9.12210865027549e-05
0.00017861829077667462
0.0003256305550497948
0.0006285290137431649
0.001087582627299556
0.002046919746960982
0.003346644873639923
0.006182229618468989
0.009509291301496326
0.017213942253822563
0.023650778150261533
0.038392496073611976
0.025702005024390705
-0.012852948226078744
-0.20249405433772655
0.034148468179587596
0.13442414299482494
-0.16312841562548894
0.1739394648030235
-0.2205323071277016
0.35117643247218766
-0.7463452368485356
2.43017894850923
-17.348827699062706
Freq:  23.4995566780628
1.7788846340788244e-05
4.601434397174098e-05
9.361816289671926e-05
0.00017264594950980116
0.00033952089673926976
0.0005977557912258172
0.0011530439416960808
0.0019101494535975492
0.0036165517531957757
0.005609963884258817
0.010438248756298106
0.014482524392563407
0.024615132075321622
0.018050293520654088
-0.0015389608000378856
-0.12719350357388753
0.006710084870238902
0.09444005906855202
-0.10312435743591729
0.10128054600807564
-0.1153348423463294
0.15657752680401638
-0.2602183857097285
0.5674477166506949
-1.877394360311908
13.542328930028347
Freq:  36.8234002615115
1.75512524894229e-05
4.705532007499132e-05
9.067101418609724e-05
0.00017999605832967242
0.00032241518726610935
0.0006355692498819232
0.0010718428881422864
0.002075689440140649
0.0032641197311025372
0.006220877501143446
0.00876509042309677
0.015482729310987053
0.01241631109204607
0.003021825122353313
-0.07799638633582102
-0.006103730793388217
0.06535411732310535
-0.06526783827262488
0.060323404217574955
-0.06388115747450279
0.07803631661766955
-0.11057551727157741
0.18850109189236008
-0.4175021692151628
1.3949618321947905
-10.127915641027217
Freq:  58.2696959988998
1.783374571624748e-05
4.5819988672173396e-05
9.416996271381779e-05
0.00017126511906614977
0.00034270647198816065
0.0005904157961679756
0.0011671665747781358
0.0018701051795924025
0.0036401482994242364
0.005235500394101112
0.009552031580479025
0.008358072782685954
0.004235360238315657
-0.04662998559189008
-0.010612065528390904
0.04428865264890054
-0.04096167735126562
0.03616486256079288
-0.03646361569490897
0.04153614842672757
-0.052984461155250184
0.07700687853850681
-0.13330867796769738
0.2981105833073078
-1.0022307235658017
7.3067165708071276
Freq:  93.1870306208526
1.7508073519845128e-05
4.724789792088591e-05
9.012653314207085e-05
0.0001813485750292587
0.00031916422219716305
0.0006421850169061982
0.0010531414630197036
0.0020889988773210213
0.0030813894280320407
0.005778175871221565
0.005502336566461151
0.003969222694024816
-0.02712690709571701
-0.010868988786943859
0.02930032044129173
-0.025322454561357614
0.02157752522857933
-0.021048615824058297
0.02290066532354857
-0.02725673845179459
0.03566181642740143
-0.052623547217992
0.09195871525705972
-0.20687581577908687
0.6982282242039773
-5.103948815842167
Freq:  150.736739033527
1.7876636462095368e-05
4.563355187753183e-05
9.469727242235039e-05
0.00016991454082803095
0.0003456407479482268
0.0005820583990554355
0.0011741724679176409
0.001783941394825218
0.0034249046214875623
0.0035405693700518892
0.0031852014571431904
-0.015312745665108565
-0.009281983072381615
0.018887666723780498
-0.01534342820941222
0.01270550703688326
-0.012122407287213812
0.0128032272514572
-0.014564119455225163
0.017779106974912483
-0.023613337401716856
0.03516637034683755
-0.0618085133252358
0.13956257843280806
-0.4721686432175062
3.456976310060217
Freq:  246.846660463315
1.7467553579825443e-05
4.7425144304938144e-05
8.96145127975711e-05
0.00018255853353820183
0.0003156387833982274
0.0006455962151420283
0.0010141425072213936
0.001987286697193615
0.0022253882032078334
0.002338008214033938
-0.008353133887138783
-0.007165932411306076
0.011844879870493777
-0.00907440246364212
0.007334105428700591
-0.006894330203891136
0.007146505534572137
-0.007896766547511784
0.00921316572520448
-0.011415150117916932
0.01529840439159419
-0.022911787050163536
0.040414165869407645
-0.09146607686373001
0.3099217904220316
-2.271460748021631
Freq:  409.660163951917
1.791390844501929e-05
4.546853702463062e-05
9.514674342470068e-05
0.0001685457266701463
0.0003471425276468171
0.0005652984160088944
0.0011274767377780811
0.0013652735494212676
0.0016122331074624177
-0.004377040431031927
-0.005161177801793901
0.007214713402907586
-0.00521756527907448
0.004125438338656239
-0.003839114284457597
0.003934542682540869
-0.004269643358968279
0.004838613802425343
-0.005728520428255624
0.0071604916535366134
-0.00964876697974926
0.014500195144879352
-0.02563307414592334
0.05809566265170995
-0.1970333668894403
1.4449854693486768
Freq:  689.788398295169
1.7435079408407176e-05
4.756465343007477e-05
8.914836173510115e-05
0.00018313288254101544
0.0003089243783327856
0.0006247595373486339
0.0008168418663962193
0.0010580329642679539
-0.0021830016069245097
-0.0035201041645807874
0.004259644556282324
-0.0029039524627575888
0.0022475143296317333
-0.002076468152513344
0.0021141880897437744
-0.0022696664079463256
0.002525807491385284
-0.002904015087101912
0.003467812725497353
-0.004357560910994694
0.00589117271257248
-0.008871784464347294
0.015704396305406088
-0.03562411901728554
0.1208902332291793
-0.8869224385857934
Freq:  1180.02119385035
1.793920497031252e-05
4.534503542607383e-05
9.532639747865316e-05
0.00016612633384063214
0.00033811458503259467
0.00047634478541646707
0.000665336393412576
-0.0010205546894629144
-0.0022910213872739185
0.0024314501513474584
-0.0015563080420268164
0.0011774128803574834
-0.0010813781757502319
0.0010971085422766065
-0.0011707850723315597
0.0012888162583394578
-0.0014547727212078946
0.0016866651747806621
-0.0020243732948269713
0.0025517839999823124
-0.0034566979604464033
0.005212168726241541
-0.009233833572590937
0.020957304453701427
-0.0711434670281435
0.5220755187270196
Freq:  2054.13923005597
1.741900062299472e-05
4.760556914399075e-05
8.843368362231076e-05
0.00017938430525205488
0.0002709933944963299
0.00040268986676498066
-0.00043448287133049916
-0.0014283355702935613
0.0013370489092487056
-0.0007973747517560208
0.0005873319737405712
-0.0005360463169075205
0.0005427226383952075
-0.0005774470745949176
0.0006317941741821057
-0.0007052443568884768
0.0008025463996507922
-0.0009350202971961201
0.0011255931262376044
-0.0014214925621083851
0.0019278530929633
-0.0029090967684323185
0.005156239937012409
-0.011706430904881823
0.03974801454891014
-0.29172651608579026
Freq:  3645.40617839762
1.794077946650749e-05
4.522544657986222e-05
9.392802398742721e-05
0.0001512024776299075
0.0002357541009103187
-0.00015711401948302462
-0.0008543232556018584
0.000704682731339502
-0.0003863204220179334
0.00027468403916898986
-0.00024842772691180463
0.00025097876224630216
-0.0002666375374714098
0.00029080896388672677
-0.0003225415067077435
0.0003628722482689775
-0.00041486356072229625
0.000484711350636078
-0.0005845227684641024
0.0007389911202107691
-0.0010029270683700998
0.0015140709514276192
-0.0026843911722743037
0.00609563108743932
-0.02069968163721425
0.15193616383182262
Freq:  6610.22733864684
1.7428952321098685e-05
4.722833121741986e-05
8.342770115381766e-05
0.00013497987240035147
-3.646695365711667e-05
-0.0004901351820250599
0.000352906166054939
-0.00017344983323490734
0.00011677059322197016
-0.00010376569437724652
0.00010428595552901446
-0.00011057639818282317
0.00012036415674104381
-0.00013301026062292415
0.00014862679281833606
-0.00016794271973891517
0.00019250887561528404
-0.0002252808265932587
0.00027194048527538154
-0.00034401908938769374
0.00046707287803623597
-0.0007052966488343415
0.0012506703424774654
-0.0028402890169967367
0.009645808189413158
-0.07080390560156946
Freq:  12282.2194626706
1.7889233600776443e-05
4.419665778424157e-05
7.698307336200102e-05
1.0488968510864812e-05
-0.00026907004035717176
0.00016480089298534834
-6.863097151344104e-05
4.135297417847128e-05
-3.501799060104161e-05
3.4516664742942074e-05
-3.62936734822734e-05
3.933342521425539e-05
-4.3309855263413606e-05
4.8166647610638495e-05
-5.4020185047993504e-05
6.11738270862723e-05
-7.02143693072949e-05
8.223364441462488e-05
-9.9315435055584e-05
0.0001256788587324757
-0.0001706676693634967
0.00025774733761742274
-0.00045708955203269293
0.0010381125840354666
-0.0035256223282661425
0.025879990182362977
Freq:  23479.1618425313
1.746104297584828e-05
4.277377458094441e-05
2.652479911063865e-05
-0.000139667102386345
6.74479290792427e-05
-1.9283260326281055e-05
7.0810446161792945e-06
-3.905696060968558e-06
2.846661014516795e-06
-2.4610531443261453e-06
2.361150439833393e-06
-2.4126974210939458e-06
2.5614918955393473e-06
-2.785922759103321e-06
3.0822659916138754e-06
-3.461480637279501e-06
3.952691270435308e-06
-4.614577506573494e-06
5.562016206462359e-06
-7.029598229770385e-06
9.538312449995038e-06
-1.439765833648448e-05
2.552443259160736e-05
-5.795722602055728e-05
0.0001968066274823932
-0.0014445268170393266
Freq:  46536.4977829387
1.7352912747038615e-05
2.9404680999244577e-05
-6.427110299130541e-05
1.779443789587944e-05
3.001542795251034e-06
-7.552914257864287e-06
9.203356367958953e-06
-1.0496526896919266e-05
1.1839578650301636e-05
-1.3317482863321086e-05
1.4961530612076248e-05
-1.6798584773685056e-05
1.8865703882979785e-05
-2.1221015010087464e-05
2.395957730773053e-05
-2.7241331322333344e-05
3.1343440901349096e-05
-3.6763937969807496e-05
4.444218744649811e-05
-5.6272556572759674e-05
7.644484259696719e-05
-0.0001154769353271367
0.0002048186810228135
-0.00046521789557239096
0.0015800701731483735
-0.01159909270115378
Freq:  97988.005994822
1.792861744223434e-05
-1.649961996406337e-05
-7.447973186711411e-06
1.2323435987702962e-05
-1.2954685722207628e-05
1.3759311581424017e-05
-1.501927519229847e-05
1.6650668267036243e-05
-1.85939699057032e-05
2.0825596051536827e-05
-2.3348165481098307e-05
2.6186656528360644e-05
-2.939152322776672e-05
3.3049731088945806e-05
-3.7307375909639585e-05
4.2412355151518545e-05
-4.879546837500043e-05
5.723156709316413e-05
-6.91826364865387e-05
8.759732912629265e-05
-0.0001189974733785187
0.00017975539231515365
-0.0003188266196633982
0.0007241701452246237
-0.002459577439052202
0.01805546585214901
Freq:  248271.716270506
6.029877631994407e-06
-1.0703984991974038e-05
8.824145817977568e-06
-8.192516809622855e-06
8.34400028585092e-06
-8.93493395142025e-06
9.820006961421263e-06
-1.0929697342811046e-05
1.223193854095905e-05
-1.3716567740301586e-05
1.5388480741336336e-05
-1.7265987101634048e-05
1.9383448935986402e-05
-2.1798885557840908e-05
2.460907460387998e-05
-2.797780403321069e-05
3.218943352857872e-05
-3.775524141856265e-05
4.56397801929687e-05
-5.778835004620277e-05
7.850349791128485e-05
-0.00011858623320272661
0.00021033303164965864
-0.0004777423274421669
0.0016226079259179516
-0.011911380476956834
