Freq:  0.188916618754933
1.7681795099600826e-05
4.6487125497852606e-05
9.228260275240542e-05
0.0001759802433817589
0.0003317764166867647
0.0006149534451661444
0.0011166784163717377
0.001987511816345029
0.0034714855376086436
0.005960999682946859
0.010075424614629366
0.01678787251211774
0.027600418048147425
0.0448269323181281
0.07196924901914968
0.11432581948963105
0.17975619988841737
0.2798958925455001
0.43142136521829527
0.6576112164617595
0.9873523186520388
1.446998710510922
2.018810501962271
2.4979180677283708
1.9515306696092984
-3.3257748498455464
Freq:  0.596185083472949
1.7686759176249436e-05
4.64659964636047e-05
9.23385679682232e-05
0.00017585457657582097
0.00033203287035042043
0.00061446139743126
0.0011175838791879934
0.0019858931381132408
0.0034743049552441907
0.005956133694358143
0.010083451778265373
0.01677360874290375
0.027619680144658227
0.04477613348697186
0.07196735303156403
0.11397002216566829
0.17886412173453262
0.27548327994684424
0.41601482291100794
0.598018604990856
0.7793251291844351
0.7357445341041288
-0.14025571753920404
-2.864191867932421
-4.2165773529994
9.602433107306986
Freq:  1.09771878826088
1.7656809410346668e-05
4.659347452750401e-05
9.200091032172149e-05
0.0001766127698420876
0.00033048554204170253
0.0006174300022441227
0.001112119372373411
0.001995652534143554
0.0034572492984854945
0.005985266534167487
0.010033817780661801
0.016853892046238175
0.02747606840876067
0.04495982749188694
0.0714431812926585
0.11387227220264455
0.17511333827998804
0.2661802812285059
0.3720321109000675
0.4553593395115312
0.28415364749866534
-0.5738532001206318
-2.345273621904232
-0.320544081810091
4.344070829451537
-15.040834836102507
Freq:  1.77725275197396
1.775910204083924e-05
4.615807621229177e-05
9.315417383153702e-05
0.0001740231544908334
0.0003357704480105899
0.0006072901154952634
0.0011307823805147502
0.0019623022582155904
0.0035154406819680292
0.005885320689476315
0.010201378911604749
0.016569210334250215
0.027919745713123754
0.04411518176734559
0.07230558435159587
0.11027491633604734
0.17210750904770028
0.23599634831779306
0.2921163100378184
0.14197776721563413
-0.4563609935143854
-1.588869298927489
0.4792412985554894
1.6209733839655787
-3.9755959626844697
19.21717514079719
Freq:  2.75410036343034
1.7510456942069618e-05
4.721641036883003e-05
9.03508943907954e-05
0.00018031786398900546
0.000322923836283551
0.0006319382503224619
0.001085408341734734
0.002043360581602443
0.0033737961834214864
0.0061276649023614925
0.009789679229294348
0.01724334511492983
0.026747518594276955
0.04577223832449453
0.06842230919922103
0.11172862705279588
0.1497051259170673
0.1972026396078289
0.08869920552282709
-0.2836087770659139
-1.076186393692968
0.4643144453090842
0.7184655304823474
-1.5151030574265236
3.664578221884947
-21.339246607680327
Freq:  4.20774612335241
1.798378452559994e-05
4.520173211218243e-05
9.568733614490001e-05
0.00016833478852328336
0.00034738007075713127
0.0005850112523241332
0.001171792428338178
0.001888950137288703
0.003643320175716994
0.005664278348639177
0.010566937738167435
0.015917160817289805
0.02880817583296753
0.041768986257010254
0.0723519979498196
0.09407472290470525
0.1352485961956635
0.06136913245640996
-0.15450545132443277
-0.7311182354917648
0.31742481960603064
0.39227356919800827
-0.7186793522169568
1.2111720188560613
-3.272651114109136
20.93673563738504
Freq:  6.41672527199106
1.72339605067758e-05
4.839330443816448e-05
8.723347032271319e-05
0.00018731845528779044
0.00030863418167220306
0.0006593600058275629
0.0010348878628977595
0.0021335879475353732
0.003215327829780521
0.0063962995905014
0.009315215104002825
0.01794537455165741
0.025129600173982806
0.04644772577941972
0.05847471870471384
0.09228756459986542
0.04372236623003812
-0.07449837575823079
-0.4916112725322761
0.18795577156094337
0.24890643372002685
-0.39141271107643955
0.5213776537273946
-0.9399335338244921
2.7427321963435674
-18.445169649186667
Freq:  9.82198760064326
1.8270124363011103e-05
4.398292235801772e-05
9.89158961966309e-05
0.0001610838369266286
0.0003621818644175273
0.0005565881387441115
0.0012241218357935365
0.0017950060091793114
0.0038062933745908463
0.005374796561419576
0.011015080886987846
0.014938027026446452
0.02941593212054343
0.03600371831415195
0.06200311075276077
0.03123701196066768
-0.03011783188116053
-0.3245299128202591
0.09876056493808719
0.17070675991763837
-0.23122777634221428
0.2609173975542471
-0.3649007401188921
0.7040798725109216
-2.148793351348263
14.869915416495394
Freq:  15.131996317599
1.697475742138378e-05
4.949663466545073e-05
8.431053924125466e-05
0.00019388377050469282
0.00029522423826928653
0.0006851044712747217
0.0009872885929827816
0.0022183020487567817
0.0030626493923230965
0.006640233953775525
0.008788967715298312
0.018320412354094717
0.02198865190509153
0.04083806633264338
0.02216988419807974
-0.007828674787029996
-0.20956841069783233
0.044083969094536234
0.12034711705142188
-0.14266777978098777
0.14267230184087107
-0.16844087057868956
0.2512636493293744
-0.5059261623340657
1.5855031744114239
-11.162280895631781
Freq:  23.4995566780628
1.847992415398584e-05
4.308982312992231e-05
0.00010128220639505064
0.000155765789057625
0.0003730451735741838
0.0005356506931944425
0.0012625837375562937
0.0017241285806153508
0.003922588928546164
0.005120545073469361
0.01120064657517376
0.013323993364553784
0.026334837082562866
0.015552550338824175
0.0020192596943269547
-0.1321831767777264
0.013634927473327417
0.08485221327457086
-0.08972447465579945
0.08205068848781816
-0.08628346266985172
0.1086528579443251
-0.16902267818886796
0.34920291439667234
-1.112217611072566
7.914717794962003
Freq:  36.8234002615115
1.682267317738944e-05
5.014412778977592e-05
8.259402896250892e-05
0.00019774291007693308
0.0002873088178124524
0.0007002860531789052
0.0009583989651593274
0.0022669354434447933
0.0029521834792469075
0.00671481733904543
0.008004235972876163
0.01662458073694661
0.010744273793332778
0.005415329606277973
-0.08135488323409881
-0.001466105225900307
0.059015446821310096
-0.05662026068742991
0.04840454725512691
-0.0469931231153474
0.05280959400601906
-0.06935983189889208
0.11067889991981841
-0.23229686351964612
0.7473821310089631
-5.354775035774221
Freq:  58.2696959988998
1.8574900184801627e-05
4.268526240305168e-05
0.00010235546134994019
0.0001533410225715915
0.00037800172408007296
0.000525744455403731
0.0012796985413404817
0.001682058577674091
0.003943750650207992
0.004760328715913683
0.010274499440200346
0.007289203108703773
0.005776772342768926
-0.048801478939633935
-0.007614431573808308
0.040216039123257136
-0.03548233488585486
0.02880034937388669
-0.026452058116308914
0.027525323266233616
-0.032281237027946615
0.04349000097386348
-0.07048637870191685
0.1493996979043966
-0.4837542202288861
3.4810638817389377
Freq:  93.1870306208526
1.6779996257691747e-05
5.032616340268185e-05
8.21073774325127e-05
0.00019884164204001225
0.00028490952107811086
0.0007045003172119798
0.0009456618702979578
0.002266739240790522
0.0027978601570702592
0.006215951620261417
0.004846603091025053
0.00492388480983557
-0.02848058259833732
-0.00899461254553674
0.026757004162328107
-0.021924446396678628
0.017077870042128112
-0.015089286185014254
0.014906779751979677
-0.016201021316516233
0.019491110925729065
-0.02666717458401619
0.04363881444923377
-0.09306655341977874
0.3025710045422263
-2.183330036328515
Freq:  150.736739033527
1.8571283298794744e-05
4.269976454808845e-05
0.00010231956892352127
0.00015336528441767965
0.00037782905110437056
0.0005240101150798519
0.0012732381271080048
0.0016221337117850022
0.0036794019480129747
0.0031537198915776955
0.003754939382261176
-0.01612757981736097
-0.008147460972114022
0.01734508997876702
-0.0132870972538645
0.010004013799087903
-0.008600595298725202
0.008204816528764062
-0.00847346482303666
0.00944833530892696
-0.011543034650964472
0.015943691983255
-0.026248623998267682
0.0561989002384163
-0.1831846071625615
1.3242143390028542
Freq:  246.846660463315
1.6824130140420294e-05
5.013900449948706e-05
8.258657852786865e-05
0.00019773088233769045
0.0002863673391406251
0.0006978367131330383
0.0009261025167877665
0.0021290079581870354
0.0020060885798049064
0.0026654969627315033
-0.008826496698631295
-0.006501832671517543
0.010937833351695054
-0.007863973783778205
0.0057489567983875145
-0.004845920683202947
0.004515861278104088
-0.004507655885553334
0.004776683389209583
-0.005408097003975872
0.006669109016467148
-0.009265900225512404
0.01531230163341089
-0.03286459191620529
0.10729979894321284
-0.7765305837758006
Freq:  409.660163951917
1.8491684847230205e-05
4.3035435937394104e-05
0.00010142258340680292
0.00015509079126790594
0.0003728455563477712
0.0005199983565449277
0.0012026897023966132
0.0012462363072968021
0.0017930383676604304
-0.004641769038324769
-0.004786220909954606
0.006699237643805143
-0.00452727095596403
0.003221340435537108
-0.0026754998325575633
0.0024543905029740633
-0.0023953524383362834
0.002453614777376738
-0.002639718051581884
0.003016250341928715
-0.003740919324114151
0.005216499986634831
-0.00864078532947785
0.018574219753268804
-0.06070556790638085
0.4396407491169992
Freq:  689.788398295169
1.6934651757997982e-05
4.966787306197093e-05
8.37497545234512e-05
0.0001946101758739652
0.00028725750098110606
0.0006623823940863137
0.0007554527159499639
0.0011533287510404125
-0.002324779852615461
-0.0033169086725142603
0.00397793126672295
-0.002524628446596192
0.0017494407509078555
-0.0014358914169424416
0.001303230681515356
-0.0012531649086565146
0.0012551449731536375
-0.0013051169617872976
0.0014168360628851171
-0.0016279841569389
0.002026219926082622
-0.002831808691540933
0.004697549897944341
-0.010107535098115551
0.033055354060878867
-0.23949940043969364
Freq:  1180.02119385035
1.8354196154263917e-05
4.3605036358829935e-05
9.976623817949562e-05
0.00015678334582262384
0.00035550311522606406
0.00044667567080621754
0.0007127878065460317
-0.0010926350167946158
-0.0021861682106311614
0.002284522755855533
-0.0013570103487712535
0.0009145432332922572
-0.0007427246731353633
0.0006689942265488715
-0.0006370265567967602
0.0006286779968351834
-0.0006390972346826504
0.0006704439154075526
-0.0007317836700503357
0.0008436871307461228
-0.0010523244991278505
0.0014727406026256128
-0.002445252351307591
0.00526446702211511
-0.017223563908332472
0.12482600645224384
Freq:  2054.13923005597
1.709416330133412e-05
4.896358730700281e-05
8.499338407498352e-05
0.00018653604573374001
0.000257903386338279
0.0004245801969047621
-0.0004687200623280889
-0.0013775333099016603
0.0012648695293798284
-0.0006985182328046568
0.0004560963248091949
-0.0003663417144432751
0.0003279556419421726
-0.0003101977670867665
0.000303159688268141
-0.00030361207772354026
0.00031132270123237403
-0.0003283073708840072
0.00035950815162799133
-0.00041532998536132843
0.0005187120830598769
-0.0007265528935953705
0.0012069858238462471
-0.0025994984699471806
0.00850674150754293
-0.06166209803375472
Freq:  3645.40617839762
1.817525224020564e-05
4.42485380314991e-05
9.638182825363805e-05
0.00014617420914531516
0.0002447822420663376
-0.00017187618512332233
-0.0008317851783227498
0.0006720474627715488
-0.00034103960949541243
0.00021403433201240421
-0.00016953839410594406
0.00015081254961943629
-0.00014190016231186196
0.00013775087099714806
-0.00013658637925027003
0.00013794525316447462
-0.00014216339712084755
0.00015038327373185015
-0.0001649925029512003
0.0001908435455531569
-0.0002385330806934441
0.00033427808404871105
-0.0005555016698357146
0.0011966490475066975
-0.00391654802023287
0.028392402050926246
Freq:  6610.22733864684
1.728101835493338e-05
4.7842310567945195e-05
8.190039207570636e-05
0.00013805972606550937
-4.1882326558820766e-05
-0.0004814870194998193
0.0003400210294650412
-0.00015523116575441462
9.205067308040188e-05
-7.132215608661314e-05
6.284380986490003e-05
-5.878730321180918e-05
5.6753170936999395e-05
-5.5873682188774774e-05
5.58497816179254e-05
-5.667539316559769e-05
5.857776870553741e-05
-6.207554304850035e-05
6.818220369731419e-05
-7.892092639918491e-05
9.868712455417998e-05
-0.00013833984810635198
0.00022993654455783115
-0.000495386712784672
0.001621503227104068
-0.011755524772319559
Freq:  12282.2194626706
1.7959186825970132e-05
4.3911973751573136e-05
7.768776028406394e-05
9.092465256359918e-06
-0.00026666259915968826
0.0001610407994996496
-6.314793915393124e-05
3.375371539515759e-05
-2.488983260035441e-05
2.1431105924717608e-05
-1.980433892622109e-05
1.896590175468509e-05
-1.8540006876178062e-05
1.8381377205121832e-05
-1.844888224107521e-05
1.8767494286762282e-05
-1.9426427017212402e-05
2.0605455519503123e-05
-2.2645645638745115e-05
2.6221995201939838e-05
-3.279718094447055e-05
4.598218192986524e-05
-7.643521822555538e-05
0.00016468663303853895
-0.0005390770843285292
0.003908303432296145
Freq:  23479.1618425313
1.746363761576776e-05
4.2763845712672836e-05
2.654642933382228e-05
-0.00013970325281413876
6.749620402758293e-05
-1.9333038829158214e-05
7.11261589677908e-06
-3.891608858578395e-06
2.754383569845456e-06
-2.255683097685836e-06
2.007278361407644e-06
-1.8750846743120412e-06
1.804537225366296e-06
-1.7718697717003214e-06
1.7677929537857615e-06
-1.79169119295271e-06
1.8503359194599637e-06
-1.9598047899776604e-06
2.151882299053845e-06
-2.4902689287553074e-06
3.113535471085775e-06
-4.364158846345556e-06
7.253275021134806e-06
-1.5626121450649372e-05
5.1145728299333004e-05
-0.000370780781976332
Freq:  46536.4977829387
1.7295756062762083e-05
2.963309015230928e-05
-6.483857980560437e-05
1.888868358847564e-05
1.1887547114664849e-06
-4.848556483641956e-06
5.449036271582534e-06
-5.541398538778774e-06
5.534233869976951e-06
-5.508149093114504e-06
5.48372605759259e-06
-5.469063201032242e-06
5.4706725928902914e-06
-5.497138359725673e-06
5.561623979915517e-06
-5.6851665584803975e-06
5.902343811326047e-06
-6.27220009186667e-06
6.90128427376915e-06
-7.99712252367744e-06
1.0007182415831817e-05
-1.4034572687642542e-05
2.3334091973905777e-05
-5.028211070462127e-05
0.00016460546232581474
-0.0011934590088312769
Freq:  97988.005994822
1.8045508676660392e-05
-1.6861225599796887e-05
-6.553050994822388e-06
1.0596411539851215e-05
-1.0097905163599671e-05
9.507943525563761e-06
-9.131943735201383e-06
8.89643316916366e-06
-8.742349967275983e-06
8.63788464003984e-06
-8.568102331564287e-06
8.528345547369524e-06
-8.521385640789507e-06
8.557089037138928e-06
-8.654151925833217e-06
8.844337404541954e-06
-9.180887540191098e-06
9.755318983311083e-06
-1.0733148224325141e-05
1.2436992428456473e-05
-1.556264094829292e-05
2.1825487187687384e-05
-3.628700038444538e-05
7.819345034687161e-05
-0.0002559755273638699
0.001855917583874711
Freq:  248271.716270506
5.952426159108908e-06
-1.0463077835347293e-05
8.220778281988213e-06
-7.028256512580184e-06
6.420717350872652e-06
-6.078735256858791e-06
5.873801095914944e-06
-5.7435712295389705e-06
5.656030053462202e-06
-5.595138259341709e-06
5.553739826830067e-06
-5.53016580145149e-06
5.5269431519612485e-06
-5.550872869917187e-06
5.6143083844753495e-06
-5.737984987156037e-06
5.956520717620927e-06
-6.329337275158119e-06
6.963852786641238e-06
-8.06940800191511e-06
1.009746594891241e-05
-1.4161044899707598e-05
2.35442290940531e-05
-5.0734789386008144e-05
0.00016608726812600977
-0.0012042049218264905
