0.188916618754933          0.121798698552168
0.596185083472949          0.140849077303460
1.097718788260880          0.182794146714664
1.777252751973960          0.256014536576284
2.754100363430340          0.375188991922364
4.207746123352410          0.564683640714360
6.416725271991060          0.864453231010972
9.821987600643260          1.340089080016350
15.13199631759900          2.099993624252880
23.49955667806280          3.325048279641340
36.82340026151150          5.320518357396160
58.26969599889980          8.608148671029720
93.18703062085260          14.092093476717400
150.7367390335270          23.362890831920100
246.8466604633150          39.264479554181800
409.6601639519170          66.972898460766000
689.7883982951690          116.093090820520000
1180.021193850350          204.832500289028000
2054.139230055970          368.530289445388000
3645.406178397620          677.615432381096000
6610.227338646840          1276.771041241650000
12282.21946267060          2474.402269234750000
23479.16184253130          4963.676392566000000
46536.49778293870          10477.818144629600000
97988.00599482200          24844.425231697000000
248271.7162705060          92291.648333352800000