0.000003398642214          0.000008840904816
0.000019025312203          0.000023243411246
0.000052661610388          0.000046141994851
0.000117554458116          0.000087988226480
0.000240545835774          0.000165892300626
0.000470367742045          0.000307468810130
0.000891598919902          0.000558353718099
0.001648062041441          0.000993730189307
0.002980485360529          0.001735787847792
0.005285920675047          0.002980424755862
0.009210353187128          0.005037848905051
0.015791538840754          0.008393759041169
0.026677173353754          0.013800737687712
0.044455103994883          0.022413678806554
0.073148910870577          0.035989001686330
0.118955893627984          0.057175813550116
0.191338359326195          0.089939367167969
0.304628056432635          0.140175811560706
0.480376974282842          0.216609251468248
0.750807243073670          0.332127985329103
1.163938801424550          0.505882068395883
1.791493807105820          0.766951050146310
2.742130781409530          1.162012232170050
4.187395397390070          1.775691260253930
6.427708444690200          2.803558800449920
10.150038983021400          4.990540570288630