0.222359337           0.1440796489
0.716010496           0.1759845099
1.371004523           0.2492452244
2.347345826           0.3854612634
3.900598566           0.6255852223
6.463526503           1.0448742075
10.79465379           1.7820702132
18.25745949           3.0966283130
31.35867054           5.4833627323
54.81305517           9.9081741931
97.70852536           18.3072662591
178.0448715           34.6802653037
332.5806718           67.5763754709
639.0498109           136.000562916
1268.610234           284.174327297
2616.457002           620.721136481
5648.91326           1430.842983922
12908.65619           3534.71337647
31906.12824           9749.81631353
93839.3524           38501.760674616