Freq:  0.222359337
4.459649445094894e-05
0.0001300369024304817
0.0003058572337284475
0.0006903246205320917
0.0014933918486329557
0.0030993873066367523
0.006195663248502919
0.011996110972638462
0.02257321036730945
0.04144823936061032
0.0744114401331192
0.130996425294443
0.2263350416612085
0.38443618818640357
0.640832573908806
1.0441720692240477
1.6335026250564815
2.3307021038460842
2.3908066709652895
-1.9306235035840393
Freq:  0.716010496
4.46232709657511e-05
0.00012985224053762567
0.00030656084054131395
0.0006883499925481999
0.0014980633934591385
0.003089350280289821
0.006215940245795517
0.011956453725134904
0.022646133667956612
0.041300468062658906
0.07459864019927405
0.13016705018389438
0.22511230392841144
0.3721045796369292
0.5908358482406424
0.7905882164808773
0.6082417188889135
-1.3778106838653204
-4.421421313791164
5.923349186861295
Freq:  1.371004523
4.447304774157927e-05
0.00013088824668804102
0.0003026133368401899
0.0006994284782205596
0.0014718495569445258
0.0031456483928364613
0.006101906014857297
0.012177356774462446
0.02222330680819626
0.04204457471159089
0.0729947730495381
0.13165242221312948
0.21429434356851731
0.35007880719051854
0.42394986927611394
0.21677040016938817
-1.3375124474828868
-1.7369895480353197
3.608476878575903
-9.277228635682846
Freq:  2.347345826
4.490582929074024e-05
0.00012790356250500174
0.00031398614033567736
0.0006675091539945176
0.0015473790573669543
0.0029833460886553404
0.0064302663735718414
0.011536560716470594
0.02342016357586793
0.039722146284111935
0.07661519387504921
0.12117075868538212
0.21270163820384044
0.24376741414058795
0.1466476336541843
-0.8957800250290644
-0.7953640564552007
1.7363164806736282
-2.6468386512907403
10.523456678864129
Freq:  3.900598566
4.40672968376888e-05
0.00013368660201350553
0.0002919495973234641
0.0007293618260274282
0.0014009816290601932
0.003297914362770393
0.005792272290632813
0.01277379950765256
0.021034900572120884
0.043893172989040406
0.06717496049453248
0.12863318108045219
0.1433639023905556
0.12053836939130774
-0.542523992008454
-0.4565948522666849
0.8988907294675943
-1.02282338590267
1.9391005063706062
-9.4510976141183
Freq:  6.463526503
4.531525216960693e-05
0.00012507969468642465
0.00032474856471378076
0.0006372855230452079
0.0016189470026482442
0.0028289820277912596
0.006741577738797938
0.0109060221920261
0.024479440629028303
0.036685240409271735
0.07600132383007893
0.0847559642837265
0.093249053584318
-0.30756224275075783
-0.2969463409334134
0.49439074594065163
-0.4574154716995354
0.5894623832081849
-1.3321025814018281
7.124004424038739
Freq:  10.79465379
4.376792091706189e-05
0.00013575180440274925
0.0002840746226976955
0.0007514897699011835
0.0013483852076865209
0.003410826716173933
0.005553990978269428
0.013190739048591072
0.019793769117405102
0.04350045477962309
0.05001753188373567
0.06605321049053704
-0.16383189880249605
-0.19991153189961286
0.27909138926739313
-0.22036404647772825
0.22327531336806278
-0.338927096973969
0.8381382880953464
-4.697464323752869
Freq:  18.25745949
4.545164158307992e-05
0.00012413802337437463
0.0003283448848128256
0.0006271166223468735
0.0016430739421529174
0.002773703620501083
0.006838258083115968
0.010537134411882176
0.02404952335444498
0.029267797567443365
0.04349571017463602
-0.0815289590105669
-0.13308311443691917
0.15757158014292963
-0.10931794525398472
0.0941950772417572
-0.11239664723726538
0.18678261790027634
-0.4837239060502881
2.781592581319257
Freq:  31.35867054
4.37931119511976e-05
0.0001355795557142985
0.0002847120716166352
0.000749739104847269
0.0013514230653235008
0.0033996852822043098
0.0055088262921749506
0.012828478902871185
0.016858111329164354
0.02701619911677233
-0.03729659963681235
-0.08594642681325433
0.08741756455496928
-0.054095104999838356
0.041457001700711066
-0.04238098340198286
0.0555002317502635
-0.09663125463914282
0.2566070204100385
-1.4973944907792291
Freq:  54.81305517
4.5292402391126014e-05
0.00012523325185947806
0.00032418377406056057
0.0006384850614643304
0.0016148924663792607
0.00281072097421865
0.006593292671578066
0.00949259182954345
0.015970630105662062
-0.015107429134210055
-0.05342766396316576
0.04704553290136634
-0.026030794464602096
0.018147954282956662
-0.016706959892924405
0.018816748116422716
-0.025839379772203668
0.0461276202410064
-0.12423438145309003
0.7311586169527079
Freq:  97.70852536
4.4053884548888935e-05
0.00013378330477003834
0.0002914860545503492
0.0007304027094767976
0.001389718988617876
0.0032572088994175757
0.005192965628663981
0.009024945258170079
-0.004884438640496033
-0.03184850500117777
0.024291143609503546
-0.011879495547451093
0.00755354762737931
-0.0064224156231706235
0.00654313959919237
-0.0077340494408031785
0.010888016569359758
-0.019705898138762404
0.053499876862172294
-0.31641905627467276
Freq:  178.0448715
4.495809891542576e-05
0.00012752876978276744
0.0003153636426129053
0.0006611437808505123
0.0015415004417498957
0.0027436252783842392
0.004880930640056948
-0.0007211203072085717
-0.01815246449449934
0.011893563857069817
-0.004974206836044668
0.0028073088029161144
-0.0022018136827964565
0.0020762322698801893
-0.0022179284928345333
0.0026843690632828
-0.0038275259416792108
0.006977672765223138
-0.0190252421516679
0.11282337685293595
Freq:  332.5806718
4.443981023134563e-05
0.000131110205682733
0.0003011872169783053
0.0006972467248841732
0.0013909857284737732
0.002524144553758391
0.0006256656969135082
-0.00985839060605511
0.005437789989724336
-0.0017957175759468805
0.0008008043493152308
-0.0005342852778253753
0.0004507767893156819
-0.00043656974472277107
0.0004713681403151207
-0.0005732396921603491
0.0008193013154460561
-0.0014955050042871044
0.004080571781578559
-0.024209154468985337
Freq:  639.0498109
4.4535321230117396e-05
0.00013037415233975374
0.0003029891384318493
0.0006719479158938589
0.0012460315079432472
0.0008168847445982376
-0.005076487154359779
0.0022646510032353784
-0.000462900180185587
4.9831507878435255e-05
4.6826816663282764e-05
-7.934311795291225e-05
9.628500970227984e-05
-0.00011119606831447849
0.00013178630149832585
-0.0001688152827677157
0.00024862203230478216
-0.0004619515910172154
0.0012741329180870427
-0.007610863918194839
Freq:  1268.610234
4.488542252314944e-05
0.00012777192324255502
0.0003076230423878933
0.0005875089849070901
0.0006330236338876525
-0.0024598088754290465
0.0008167470811868454
1.3262568300985651e-05
-0.00016275977531878826
0.00018805860781212263
-0.00019501919831164895
0.00020080364473244367
-0.00021041042210200966
0.00022828254168207572
-0.0002623177878203432
0.00033049016780640995
-0.0004821854062795935
0.0008910230719451767
-0.0024494649368220593
0.014601157359598264
Freq:  2616.457002
4.405126113703326e-05
0.0001326319076388721
0.00026737387941861237
0.0003984546192841026
-0.00110712751141482
0.00021950465720118294
0.00013083258837409272
-0.00017358023242097006
0.00017457548273820006
-0.00017289791452760456
0.00017304182448083817
-0.00017613271019643244
0.00018371089199608205
-0.00019889335411950597
0.00022830201059701708
-0.000287467699892527
0.0004192783253478892
-0.0007746297301601994
0.002129248224111267
-0.01269143511931714
Freq:  5648.91326
4.535814560107395e-05
0.0001191351820124218
0.00022054412739718095
-0.00045008148581304264
7.242158914140132e-06
0.00012400313537263907
-0.00012996648401018178
0.00012554732755791907
-0.00012250974472675707
0.00012119701068327951
-0.00012153360177629113
0.00012390530088142736
-0.00012937182759109202
0.00014015239362143067
-0.00016093626303422432
0.00020268926523304254
-0.0002956667629863861
0.0005462980191244046
-0.0015017013684452242
0.008951215330155771
Freq:  12908.65619
4.308997694524825e-05
0.00011277626256208615
-0.00015054635508408165
-5.15067775877315e-05
9.146545678792768e-05
-8.814505586652838e-05
8.428493439120924e-05
-8.202392571494216e-05
8.082439640999325e-05
-8.044144106404354e-05
8.093921584528784e-05
-8.267486497790128e-05
8.641388593052507e-05
-9.367109945188242e-05
0.00010759930949923093
-0.0001355421114628164
0.00019774163970171904
-0.00036538997105011795
0.0010044534501710183
-0.005987430343281905
Freq:  31906.12824
4.525733153120501e-05
-1.8714593108968284e-05
-6.214643075070238e-05
6.963512574685224e-05
-6.693855503003124e-05
6.512801464416297e-05
-6.398466282028661e-05
6.323208807850412e-05
-6.280712663117774e-05
6.277060764424981e-05
-6.329905519625005e-05
6.47341450343748e-05
-6.77067830324145e-05
7.342045610025268e-05
-8.435568708071222e-05
0.00010627560977999862
-0.00015505641761895877
0.00028652837563931575
-0.0007876852671606853
0.004695382095469889
Freq:  93839.3524
1.9709823814337e-05
-3.960047398549509e-05
4.097368174337579e-05
-4.2965683763397505e-05
4.404526520766028e-05
-4.4335175333393144e-05
4.42546826004582e-05
-4.4068744493682746e-05
4.3938544517619184e-05
-4.3998280479204215e-05
4.4414098231691246e-05
-4.54461497217182e-05
4.754758352985684e-05
-5.156892031479248e-05
5.925543059740017e-05
-7.465731439317222e-05
0.00010892894155844568
-0.00020129364478657565
0.0005533763529718483
-0.0032986958657899162
