5.4217728178929624e-11           0.06898803440752682
0.8024632322274705           0.4631611639073549
3.9385299347768825           1.7026956645444569
10.0230446896755           3.4814726644785994
23.532537322972956           6.388963079737959
53.59815073700451           11.182487009029481
120.5104148887178           19.085537162630597
269.4264029490224           32.11545203962401
600.8450359444075           53.598150050630984
1338.4307637707975           89.01713130362062
2979.9579868690716           147.41315910303302
6633.244006241773           243.69193226426685
14763.781565573026           402.42879349273795
32858.62567444299           664.1416330443619
73129.44183341555           1095.6331584284585
162753.79141900392           1807.0424144560632
362216.44961124816           2979.9579870417283
806128.7591239914           4913.768840299134
1794073.772606215           8102.083927575384
3992785.8352109515           13358.726829661873
8886109.520507872           22025.465794806718
19776401.658497788           36314.502674246636
