Freq:  5.4217728178929624e-11
0.00039476628641706076
0.0011639957579269626
0.002796106788258859
0.006525127066781484
0.014703370225136106
0.03192994593744549
0.06692248222194531
0.13581393868912947
0.2672257364768106
0.5109013383892672
0.9510946524509178
1.7391074592466007
1.035771793251954
3.2016601814009835
-3190.566094836169
17930.13061506526
1476.252776637804
-17067.044393124095
-2885.0016259067565
14235.981644051732
-17186.86324229381
6749.056960431432
Freq:  0.8024632322274705
0.00039470353347135037
0.0011639843451097343
0.002795933383407446
0.006525445860267841
0.014702074686821146
0.03192842225838065
0.06687577908529384
0.13545743697964358
0.26409274169637603
0.48773839473118963
0.7903918324260552
0.7794595404887755
-0.58938002603788
-1.9054844998991294
44559.670368452265
-1.3766356902487544
-471535.68374829
504657.0957020857
-208211.0197788038
305931.4597849807
-254386.02795323695
79221.73334666452
Freq:  3.9385299347768825
0.0003951338785837838
0.0011619879914543294
0.002803037977469954
0.006504972528789693
0.014746371010134821
0.03170192094009282
0.06627974361452545
0.1260235758477309
0.199015179054251
0.029933345883061593
-0.8496603328210792
0.6855090260704435
-13.63959635332963
43.87893535923716
-667855.8214082981
5884293.607926633
6518.085259583196
-6247468.375949897
2694471.583151396
-3858061.2041071937
3154271.107865064
-968828.5916995221
Freq:  10.0230446896755
0.00038904046422813293
0.001190817431972263
0.0027068269120211325
0.006772253794277554
0.013986347374289285
0.03298939099561979
0.056343798915097026
0.09355156361248473
-0.12349019264505605
-0.2750188881840419
0.4509279212609473
-1.0926950723555005
9.307125338337219
-14.413396540160866
294.7824305521094
-77.85585735822747
-86.97510633364834
-153.52067148969832
-166.7235008527685
19.553273863262888
121.74956625208188
173.10540067826275
Freq:  23.532537322972956
0.00040578053640115733
0.0011196123879086905
0.0029467338080476535
0.006073910157365266
0.015536493541984412
0.02559739083431281
0.04252838613975187
-0.09737940282867194
-0.04024960522648944
0.10159076760248091
-0.16238957916501673
0.4583793920729906
-3.421927736863502
4.762607198738806
-26.30348319140568
1.6916213669876823
2.947305579700599
9.176818345835832
18.68427236688079
7.535091074077178
-0.3166074172057759
-5.091148847115803
Freq:  53.59815073700451
0.00038667733673316114
0.001203707020560322
0.0026568318190615843
0.006780739135979643
0.01215741100597609
0.01814419881560634
-0.05095015604819983
0.0011375945879435443
0.021246370929027585
-0.03216094711195159
0.06104412021530637
-0.2124577747745591
2.0523531626451526
-3.2145861385752563
60.272112690919656
-14.880430925823507
-16.42889407795557
-30.27963713780978
-39.08736149353279
0.38669300585289523
25.431390148528877
40.554141992619755
Freq:  120.5104148887178
0.00041135248958505867
0.0011332860221457844
0.002860207438541616
0.005601592063986726
0.008184133088642048
-0.023523594763856726
0.00358247435793705
0.004858470705134286
-0.007291250359388998
0.010874134309965115
-0.021573510076082453
0.07714372877032864
-0.7556365717143185
1.187839456730381
-23.248893873051426
5.517181838083344
6.730010765081577
12.376550897385178
13.634545881641273
-1.3422282806702799
-9.55417890550486
-13.392293635310708
Freq:  269.4264029490224
0.00038947720194469805
0.0011950952013510324
0.002477793437933829
0.004031100726316427
-0.0101389177813246
0.0012489313920596241
0.002061345151687229
-0.002820037605865697
0.003682995374133695
-0.005711158969844675
0.012190344401263908
-0.04910540463344439
0.5775421154768883
-0.9908144371526764
53.583191992596454
-24.975670800399854
-25.768717679458515
-31.791714922464234
18.202478630716506
29.707235510496737
6.815663236974113
-24.275269439010955
Freq:  600.8450359444075
0.00040786033175173477
0.0010550132613741272
0.002111620961909798
-0.003993215640860598
-0.00027045358047753906
0.001504219450256445
-0.0017188006735564395
0.0019915971339026332
-0.0025744987064804355
0.003981928940318058
-0.008412476681789538
0.033049570910870255
-0.3703631198945927
0.6189428561343813
-23.943593008057896
9.149835123199498
10.232630896472893
14.260916808299276
-1.2224541023597788
-10.051639606024402
-5.549738127983158
3.3580923848683497
Freq:  1338.4307637707975
0.00036959107293681274
0.0010982536115957202
-0.0012323871432711158
-0.000824431970403515
0.0011717393136250764
-0.001190068183937501
0.001288115006649889
-0.001514097882515945
0.0019917832000966745
-0.0031498883225889824
0.006900772297377152
-0.02902699706250835
0.3675864860919119
-0.6548291074195693
50.260465173374534
-25.814865763078405
-26.3987869394599
-30.56020545341664
28.33566942063875
33.30475115111923
2.4490586833362116
-35.305243283701856
Freq:  2979.9579868690716
0.00043844716857168624
-4.040809758520095e-05
-0.0008008473237512459
0.0007465977572744577
-0.0006918263264405607
0.0007147577672994479
-0.0007928634081539042
0.0009460916465522519
-0.001259972919876671
0.0020238099169910136
-0.004548386080146893
0.020032340781868635
-0.2730603581358215
0.5033042644520027
-48.650891821415414
25.466862943363406
26.824884174615022
30.563666874289908
-33.24099645433861
-34.56764073022396
-0.26046729345767305
39.91771934909232
Freq:  6633.244006241773
0.00027450091624834207
-0.00040558577039921835
0.00022132705656251035
-0.00016919965699613472
0.00016312703979851222
-0.00017276732493373803
0.0001943914485942839
-0.00023501059486255569
0.0003189161083708489
-0.0005290765263697373
0.001258980829748431
-0.006125547680265999
0.09685452783613299
-0.190758408049792
32.81244033169391
-25.05193633917882
-23.707758990788268
-11.984324429352437
53.09480262214662
-9.06446698138349
-25.97826400512144
7.606362520076432
Freq:  14763.781565573026
8.488283637531404e-05
-0.00015316706766065549
0.00013660680241211177
-0.00013264445284169764
0.00013825959457584237
-0.00015061511458434748
0.00017143411321558866
-0.00020834331126510887
0.0002835015471029344
-0.0004712255891047719
0.0011236846130717423
-0.005485951640496356
0.0872699563179347
-0.17245001265687981
30.99634403326465
-24.382657250901914
-22.88739539801363
-10.465154430281723
52.94947285566806
-11.98129516190252
-27.004317758918436
10.94149975271238
Freq:  32858.62567444299
1.9102781637158645e-05
-3.569083293701097e-05
3.414544907671126e-05
-3.415764470612864e-05
3.599378371653347e-05
-3.9412895368630836e-05
4.5043380572086935e-05
-5.504610149709807e-05
7.564459548933525e-05
-0.00012809975532708637
0.00031664782671536195
-0.0016601307184611039
0.030020433148160823
-0.06336036166814889
21.31851266242137
-21.915404518663767
-19.558217021419317
-0.7161527737225697
56.4920368146045
-32.94234914265107
-36.43006793639084
34.78461592994363
Freq:  73129.44183341555
3.937929217625625e-06
-7.403805101271983e-06
7.18666541677808e-06
-7.245482206499073e-06
7.652971034965222e-06
-8.392503640864304e-06
9.608668522493768e-06
-1.1778664032654116e-05
1.6280302892104962e-05
-2.7872637679268242e-05
7.031024286685862e-05
-0.000382558387675579
0.007326323651012984
-0.01586053656252992
5.952571917250615
-4.397232094663956
-5.56966488237534
-2.6394562429158497
18.373622460189193
-11.277472913086276
-11.878958357427894
11.864201730003849
Freq:  162753.79141900392
7.948965684432396e-07
-1.5117945985962796e-06
1.4634588299178755e-06
-1.4765214231308936e-06
1.5587657286944556e-06
-1.7062826067927583e-06
1.9456493311267864e-06
-2.365372350762035e-06
3.2162879006897294e-06
-5.335295338748658e-06
1.2670631079042538e-05
-6.131916366269169e-05
0.0009545048742644613
-0.001857434102130462
0.05691903110535779
0.9940236263768829
0.47102593992467745
-1.9848738176157887
0.743177830559171
0.07944441475025177
-0.6051585493236393
0.22228897424076588
Freq:  362216.44961124816
1.5678191475601797e-07
-3.060162637510272e-07
2.9596442446128135e-07
-2.986260394747392e-07
3.151692218560098e-07
-3.4473277892022036e-07
3.924470192394336e-07
-4.7550172309340777e-07
6.422899165164919e-07
-1.0520195601257387e-06
2.439132284953738e-06
-1.1245708817747557e-05
0.0001551019094642378
-0.000274449195644913
-0.2343263200048642
0.7468797097934144
1.2075449332889487
-1.9219479601065712
0.22454207063167897
0.12312501040148904
-0.1475522413803177
-0.010141663803589274
Freq:  806128.7591239914
3.1665615014893056e-08
-6.183016360862417e-08
5.987726102691195e-08
-6.060337904993987e-08
6.440937031933676e-08
-7.151204943939129e-08
8.394065791050008e-08
-1.0801791248210316e-07
1.6342948405500813e-07
-3.279187885505856e-07
1.0732344891441525e-06
-8.761136735433788e-06
0.0002905735338826291
-0.0007964567944304451
2.8193253658939907
-10.554622375136606
-8.451921719525538
17.380279681038708
1.2602959889724648
-10.827046701387617
14.086215315531954
-5.76177784110685
Freq:  1794073.772606215
6.389262787718811e-09
-1.2463287193953398e-08
1.2022446837546552e-08
-1.2045914868016872e-08
1.250639921311636e-08
-1.3188089604751485e-08
1.3842501908611915e-08
-1.3854775878646697e-08
1.0663005079597498e-08
9.616736032502793e-09
-1.558702487844399e-07
2.1792977747542297e-06
-8.16949921653709e-05
0.00021672125023712574
-0.3478088467097433
1.1540159739906084
0.7917001287256199
-1.6414231761285007
-0.1555912174234615
0.33611253216258075
0.013925693272371864
-0.16339032642852525
Freq:  3992785.8352109515
1.2923314097835526e-09
-2.528041945015472e-09
2.4656546531256433e-09
-2.5403650813115656e-09
2.807746023060795e-09
-3.3709847122462875e-09
4.552290986561744e-09
-7.291993380725527e-09
1.474496448064112e-08
-4.0757618916263416e-08
1.787153236993389e-07
-1.7849345251439552e-06
6.174889619986126e-05
-0.0001642274111157098
0.18996938287893061
-3.597006072048658
3.8086452272843623
-0.7306231605613236
1.469162824894736
-3.1454826271960616
3.0136675983503
-1.0089943975024096
Freq:  8886109.520507872
2.5701644732635597e-10
-4.909643750578008e-10
4.342598051987334e-10
-3.3332791214701896e-10
9.743673923257035e-11
4.97925114334441e-10
-2.0110190769584424e-09
5.999941144613219e-09
-1.7749005574302368e-08
6.102654868944679e-08
-2.9692402096770376e-07
3.0298984982218835e-06
-9.991738731066069e-05
0.00025816387513331873
-0.39045720161958486
1.1973907187126291
1.0108695041282671
-1.8721054365897936
-0.15622113646929137
0.3567652898514012
0.015066375603262183
-0.17463689393769188
Freq:  19776401.658497788
4.959392358649564e-11
-8.767877483079056e-11
5.029482906537819e-11
3.821030991613128e-11
-2.5574705721231883e-10
7.88976673923858e-10
-2.1116959188216544e-09
5.538021038281604e-09
-1.5578155685563866e-08
5.223229402467888e-08
-2.4943732149229625e-07
2.4846987235829787e-06
-8.179947343352201e-05
0.0002125186746617519
-0.2989594198078901
0.6691507085944757
0.8933422697599319
-1.2461211207054723
-0.31316296221017503
0.5760811850984645
-0.20868348475084653
-0.08282685848582227
