7.496600088404963e-05           0.00019744141286774254
0.00044481133725870114           0.0005817283060613082
0.0013792246011631827           0.0013984625687136145
0.003584793267436506           0.0032619735181132524
0.008633635429547634           0.007352500961032715
0.01977452005803009           0.015963815666809985
0.04348438406460168           0.03346339964703063
0.09227982695157998           0.06790252683678902
0.18960434636988768           0.13362412183358727
0.3780297725647793           0.25541256111549765
0.7329363691752219           0.4757506592977532
1.3863065877039353           0.8669473726571557
2.397445955936561           0.6430359429224987
2.84536067054152           1.2188117011157564
5.450556824554344           0.21294817392260446
5.707137497963559           0.9222928738888899
5.717459019191247           0.6760129581626171
5.804006098257529           1.840386299749082
6.505123404213666           3.281588622222184
7.06092103581013           4.324418807504221
7.474717574466941           5.4244905307415
7.859251741007703           6.532791361215321
