0.3218658058731708           0.21239373221293426
1.1152512989850798           0.3123095201234278
2.4505710073319125           0.5743765918303925
5.06337875905895           1.167696255682555
10.547129661472598           2.504723639134475
22.60286874504544           5.610623543531223
50.304572300081716           13.15416526455887
117.19975146817906           32.518332710970306
288.6701740763828           85.78053254316539
763.5337433994051           247.28093037767698
2272.659118936966           869.5690538060235
19531.63527271644           77872.18246490008
310304.0750085409           48846.772244347034
312910.70211882965           3.3462092476779564
412561.9755761362           0.9331957081609328
458663.3400186362           134599.23077357493
467049.9349005419           33783.99328353178
1020418.9155613729           11156.382949063584
1098345.9663361744           18490.843868418367
1816553.4462965466           1083.695743333121
