Freq:  0.3218658058731708
0.00046517272624653814
0.00136049243977711
0.003228211409560562
0.0074517880744161425
0.01664194693016012
0.03587470171652315
0.07472228486466732
0.15091155508509219
0.2956752309790942
0.5614768152377541
1.0212148099406335
1.730251852675862
-0.6446071196657748
3.9652014104380484
-31.865139391634372
1436.9615550353024
-6378.253303531711
-686.5215180377147
12809.84998035986
-7178.593908310965
Freq:  1.1152512989850798
0.00046513524522555366
0.0013606322402892382
0.0032277215956315877
0.007453046250759131
0.016637543589393556
0.035873060625639
0.07459868161577862
0.15004873456557757
0.28800944827569525
0.5060813226517216
0.6476323458595813
-0.269384379918574
-0.899394736613493
-5.070530626125523
188.58997778753857
-26193.381839914022
321553.37988465274
-1772982.6730583813
1819823.141270296
-342409.62178304326
Freq:  2.4505710073319125
0.000465235737045824
0.001360231211178643
0.0032290682206820164
0.007448954463651237
0.016643686708578284
0.035804573328195366
0.0742392283331542
0.14604695367453505
0.2579749347267406
0.2892776112564611
-0.4145046870745705
-1.9884903419719588
68.25972333360583
-94.93565600289084
937.5093077259573
-107311.11203210073
1262825.0836532018
-6817979.266174225
6953158.397385056
-1291666.7406588634
Freq:  5.06337875905895
0.00046657553552778
0.0013555430352030458
0.00324565367280176
0.00740250153009285
0.016746413891992423
0.035333574051211805
0.07321807974127696
0.12882913006045218
0.14759767172459667
-0.313869694293496
-0.6166093960199419
2.6461888656370753
-191.0954635680749
276.21418257083405
-2329.7878895511203
126894.76315249747
-700979.7891801597
993376.4128698322
-28995.31537485167
-390071.3160840841
Freq:  10.547129661472598
0.0004575124990790394
0.0013965452743021905
0.0031097474970037233
0.007774580057267006
0.01569373884515066
0.03702256095625521
0.05963349908422609
0.08362718386651415
-0.21800883182201838
-0.10515330590866465
0.30068543759896055
-0.7328881114871376
16.179847808946207
-18.829139038349364
9.537188871460277
-2.9129072142298797
-3.5125501519156352
-2.9759536732976217
-2.3247734427615576
-1.4533486781309728
Freq:  22.60286874504544
0.00047313819497746734
0.0013200826675556958
0.0033560822954118567
0.0070526636714884575
0.017188559020210315
0.028931689915086902
0.03952769925011351
-0.11799921260775877
-0.009779899022566962
0.07850558043231777
-0.14691684709209546
0.4972614977588326
-17.089443048583057
21.1158038777729
-21.6540576982828
46.776630256863015
10.08000971676656
-7.326015772882023
-11.750344209391592
-20.078489353059293
Freq:  50.304572300081716
0.00045932986849301754
0.0013893774901435859
0.0031230633976886742
0.007555770314330335
0.013956433890338557
0.016855160743693993
-0.05857550390565506
0.011384082746293319
0.01249356526913513
-0.02301516977796404
0.04787475742525919
-0.19101650075628607
8.251430386123006
-10.550541274332733
16.25664337159391
-57.0230954238565
-8.790860004680468
13.881187995429677
20.53517149249396
31.937968215242673
Freq:  117.19975146817906
0.00046164458879106895
0.001361535627799787
0.0031566443671139006
0.006674113041153356
0.006187262478640844
-0.026489184114693008
0.010443826069463969
-0.00211465593062939
0.000198904814111645
0.0006373793874785588
-0.002195938645657983
0.01186942092759626
-0.7317830737023446
0.9846263043398747
-2.8648725153752426
33.216917576007845
-46.247740921987045
-19.38693608195215
-2.7583243817235354
38.4055337863568
Freq:  288.6701740763828
0.0004781420712587946
0.0012835910814292999
0.0031134677795951454
0.001844077840270629
-0.010860309977395914
0.006070669913266294
-0.003384809848400566
0.0029748730796901575
-0.0035039932337750657
0.005344348511908154
-0.0118281004962682
0.05313486796491247
-2.7596384177509528
3.6218223481905167
-7.44379103865761
44.69309345613415
-28.66950817737001
-19.3051186174904
-10.220005867111388
13.88469548819194
Freq:  763.5337433994051
0.00043404553672605627
0.0014129158661807203
0.00041824192590419096
-0.003962108853234376
0.0027951851704886674
-0.0020696600975834874
0.001995633704940596
-0.0022469067636968288
0.0029143613633657232
-0.004634995118946777
0.010467560789753997
-0.04755197101645183
2.4905575717965123
-3.2720244520520727
6.818205921036695
-42.51137574624943
29.803799040300504
18.449659441871475
9.416815259146905
-15.793011513336355
Freq:  2272.659118936966
0.0005158453509961984
0.0001378152002977112
-0.0012170269252486034
0.0010065939890892938
-0.0008751981978104994
0.0008824690762684202
-0.0009683917882878447
0.001148151897732134
-0.0015225429401132043
0.002444043412453737
-0.005533747045271417
0.025078738860523447
-1.3017902588276304
1.7073407756539187
-3.455338160864906
19.66708025765911
-10.910192416060557
-8.271859384202344
-4.766771560639278
4.2581274921949035
Freq:  19531.63527271644
4.4344168651715614e-05
-8.223949308656605e-05
7.716818994588812e-05
-7.626875959444031e-05
7.989983508687918e-05
-8.706130801411062e-05
9.883347645105753e-05
-0.00011942177833183516
0.00016101038395469004
-0.0002644658713457916
0.0006236052072012471
-0.003064005022685631
0.19023085505165613
-0.257532237644013
0.8278122886783494
-10.801184283038964
15.622705072164855
7.453641489107348
0.805991080647465
-14.279488958132102
Freq:  310304.0750085409
1.8068792481804507e-07
-3.5235339754409716e-07
3.4010410177633945e-07
-3.42639942995911e-07
3.617191810191458e-07
-3.969955500673526e-07
4.558789410682648e-07
-5.628619513806717e-07
7.91000626290889e-07
-1.4056453660786158e-06
3.840639651028072e-06
-2.4866111077878356e-05
0.002592553865083784
-0.003807545191205103
0.03276491110575905
-1.6620857167900356
8.283533759765032
-5.845743221069238
-7.6072582543533915
6.825254701459404
Freq:  312910.70211882965
1.776904426669569e-07
-3.4650767459417633e-07
3.344588213493498e-07
-3.369438942989623e-07
3.556844384570339e-07
-3.903211271816644e-07
4.48091737909051e-07
-5.529355714605985e-07
7.761513490165111e-07
-1.3759231256437084e-06
3.739853792011482e-06
-2.3934546966250265e-05
0.0024364554797724897
-0.0035648799325694357
0.02946358805277185
-1.4560840739550969
7.35188227898589
-6.697213203441564
-4.566196427893082
5.3580886106712065
Freq:  412561.9755761362
1.0222963670044286e-07
-1.9936891933468322e-07
1.9247470781352782e-07
-1.9398020770044887e-07
2.0494094673940134e-07
-2.252982190550764e-07
2.59589039549304e-07
-3.2265860744357314e-07
4.592938984091115e-07
-8.357920354780541e-07
2.381792150515364e-06
-1.656558765321796e-05
0.0019432565723989403
-0.0029024382984082077
0.02980016588253014
-1.927841481743918
13.349531192664433
-38.39328785731078
27.16882298109022
-0.2002017760322854
Freq:  458663.3400186362
8.271373270353754e-08
-1.6131048607495394e-07
1.5573492516452477e-07
-1.5695494244841429e-07
1.6582620597887553e-07
-1.8230354302881955e-07
2.100629890360096e-07
-2.611302487264805e-07
3.71792667863714e-07
-6.7683423234499e-07
1.930102827041218e-06
-1.3437260608071461e-05
0.001577435953062305
-0.0023559526468166334
0.024066135285441166
-1.5135971613084673
9.99038453832139
-25.701362991284103
16.15846807159093
1.06467742332363
Freq:  467049.9349005419
7.977017115523712e-08
-1.5557005117093097e-07
1.5019308023783007e-07
-1.5136940655628055e-07
1.5992409318876636e-07
-1.7581270040993683e-07
2.0257847746949441e-07
-2.5181276956745015e-07
3.584892703332315e-07
-6.524852882527183e-07
1.8599807244351987e-06
-1.2941224775491931e-05
0.0015194713597753318
-0.002270022281800066
0.02348947853567453
-1.5768373553761297
11.571430866669303
-37.321048192809485
29.11761200491966
-1.7948790865293063
Freq:  1020418.9155613729
1.671255234482514e-08
-3.2594211231255855e-08
3.1468830007321165e-08
-3.1715226746843365e-08
3.350618839795109e-08
-3.683124438425613e-08
4.24291810957974e-08
-5.271810700241582e-08
7.498797411315081e-08
-1.3626937262885773e-07
3.873320289335847e-07
-2.6810050880804936e-06
0.0003112393721651608
-0.00046396693032763796
0.004601823647668785
-0.26569545191676563
1.5094910399190533
-2.335919274727681
0.31601726866342505
0.7761210497203122
Freq:  1098345.9663361744
1.442565989833541e-08
-2.8135447009226393e-08
2.7168897208170215e-08
-2.739406111026819e-08
2.8970800168502403e-08
-3.1916103169525e-08
3.6934546890203696e-08
-4.631122190886696e-08
6.705991018154352e-08
-1.2610841025633815e-07
3.8253678733378585e-07
-2.9994382960757362e-06
0.00044594829155103233
-0.0006923534433487225
0.01176623887966938
-1.6501634690025047
20.482958883572707
-113.71273813458014
116.97686222102752
-22.110085860106494
Freq:  1816553.4462965466
5.273638033256584e-09
-1.028514907519041e-08
9.930316347919988e-09
-1.000825954627202e-08
1.0574384607819554e-08
-1.1625167530052817e-08
1.3396557533169862e-08
-1.665498410713044e-08
2.372081134592602e-08
-4.3213309726996415e-08
1.2347303644130833e-07
-8.647688488134553e-07
0.00010371303709812895
-0.00015564673089457523
0.0017585505494119875
-0.15014970676296288
1.425441709903347
-6.452759551918963
6.136922202597308
-0.9602411870452551
