Freq:  0.2891726828847699
0.01778833852102809
0.04580619586623843
0.08873239205107813
0.16170579420996467
0.29886851609890436
0.5292197351554656
0.9377056531411216
1.3781455815212018
1.6401625911353275
1.3843277972129848
Freq:  0.9732226579944868
0.017706663925748045
0.0462098254274409
0.08757861158132012
0.16342934910057175
0.2862330180042581
0.5030147839733871
0.6505837890543217
0.41752313167450006
-1.606243726334522
-1.7914929702442302
Freq:  2.0244285975776104
0.017802258622115614
0.045714550892179
0.08841378027592542
0.15722215193662914
0.27011813605603074
0.3422981973563485
-0.012174165698670978
-1.5498390695297004
0.2974201354795855
0.6243797825612122
Freq:  3.8793608293009414
0.01780629623653327
0.04562162109830616
0.08717992311786699
0.14587169849644666
0.19618835944626462
-0.06367424978219245
-0.8645382986876122
0.5781091958416715
-0.14547981211326322
-0.018213007704507296
Freq:  7.371996456455426
0.017563071805486215
0.046346844918375776
0.07964209915410231
0.11644971325629232
-0.046072713822279655
-0.4475596285541521
0.3516145612133816
-0.21393787045309973
0.19607369652939713
-0.15487665005980877
Freq:  14.205151475919566
0.018178076081324768
0.04238046802783862
0.07125173986230932
-0.022223690584791733
-0.2273674379388193
0.1830380778208733
-0.12041580028391237
0.13156844480863142
-0.17961555834390788
0.16764749284096792
Freq:  28.10233537671841
0.016903561664277252
0.0431343515893834
-0.0016026274968581212
-0.11461468393435444
0.08849534413029383
-0.05897371095270167
0.05885911265252069
-0.08461540454853199
0.1285635820060966
-0.1257983626078235
Freq:  58.6903540941467
0.018750309775586588
0.013098836910640926
-0.055564118622486856
0.03751117059826191
-0.025158965706705963
0.023742715384511268
-0.029364702317192525
0.04623199016905455
-0.07297798107598032
0.07275940578271668
Freq:  147.94631368916606
0.012643262465528977
-0.01878002631532514
0.009785997490966189
-0.006690706433085067
0.006196419221990156
-0.006941082442220984
0.009228951930005124
-0.015012346279508372
0.024053220669649177
-0.02416603658470247
Freq:  4659.625022060654
2.0106318373520523e-05
-3.854934678494866e-05
3.6256188301952115e-05
-3.595164514321151e-05
3.8671826297032014e-05
-4.605255765482161e-05
6.294359803925937e-05
-0.00010376155967167355
0.00016730591062853392
-0.00016865106230891207
