           1           1           4           4
  0.000000000000000E+000  0.000000000000000E+000  0.000000000000000E+000
   0.9999835797   0.0000000000
   0.0000037465   0.0000000000
  -0.0000180293   0.0000000000
   0.0000042723   0.0000000000
   0.0000037465   0.0000000000
   0.9999526930   0.0000000000
   0.0000220805   0.0000000000
   0.0000211930   0.0000000000
  -0.0000180293   0.0000000000
   0.0000220805   0.0000000000
   0.9998976074   0.0000000000
  -0.0000188184   0.0000000000
   0.0000042723   0.0000000000
   0.0000211930   0.0000000000
  -0.0000188184   0.0000000000
  -0.8771239606   0.0000000000
