           1           2
           1           1           0           0           0           5
           5           4
   0.3537878186
   0.2156937178
  -0.0515473046
   0.2741188523
  -0.1969485320
  -0.0000000005
   0.0000000029
   0.0000000000
   0.0000000000
   0.0000000000
   0.0000000000
   0.0000000000
   0.0000000000
   0.0000000000
   0.0000000000
   0.0000000000
   0.0000000000
   0.0000000000
   0.0000000000
   0.0000000000
  -0.1969485320
  -0.0000000005
   0.0000000029
   0.0000000000
   0.1721877832
   0.0714474887
  -0.0515473071
   0.2741188492
   0.0000000000
   0.0000000000
   0.0000000000
   0.0000000000
   0.0000000000
   0.0000000000
   0.0000000000
   0.0000000000
   0.0000000000
   0.0000000000
   0.0000000000
   0.0000000000
   0.0000000000
   0.0000000000
   0.0000000000
   0.0000000000
   0.0000000000
   0.0000000000
   0.0000000000
   0.0000000000
   0.1617527208
   0.2323097404
  -0.0607155035
   0.2741188530
   0.0000000000
   0.0000000000
   0.0000000000
   0.0000000000
   0.0000000000
   0.0000000000
   0.0000000000
   0.0000000000
   0.0000000000
   0.0000000000
   0.0000000000
   0.0000000000
   0.0000000000
   0.0000000000
   0.0000000000
   0.0000000000
   0.0000000000
   0.0000000000
   0.0000000000
   0.0000000000
   0.1617527208
   0.2323097404
  -0.0607155035
   0.2741188530
   0.0000000000
   0.0000000000
   0.0000000000
   0.0000000000
   0.0000000000
   0.0000000000
   0.0000000000
   0.0000000000
   0.0000000000
   0.0000000000
   0.0000000000
   0.0000000000
   0.0000000000
   0.0000000000
   0.0000000000
   0.0000000000
   0.0000000000
   0.0000000000
   0.0000000000
   0.0000000000
   0.1617527208
   0.2323097404
  -0.0607155035
   0.2741188530
           1           1   999999999   999999999   999999999           5
           5           4
   0.0000000000
   0.0000000000
   0.0000000000
   0.0000000000
   0.0000000000
   0.0000000000
   0.0000000000
   0.0000000000
   0.0000000000
   0.0000000000
   0.0000000000
   0.0000000000
   0.0000000000
   0.0000000000
   0.0000000000
   0.0000000000
   0.0000000000
   0.0000000000
   0.0000000000
   0.0000000000
   0.0000000000
   0.0000000000
   0.0000000000
   0.0000000000
   0.0000000000
   0.0000000000
   0.0000000000
   0.0000000000
   0.0000000000
   0.0000000000
   0.0000000000
   0.0000000000
   0.0000000000
   0.0000000000
   0.0000000000
   0.0000000000
   0.0000000000
   0.0000000000
   0.0000000000
   0.0000000000
   0.0000000000
   0.0000000000
   0.0000000000
   0.0000000000
   0.0000000000
   0.0000000000
   0.0000000000
   0.0000000000
   0.0000000000
   0.0000000000
   0.0000000000
   0.0000000000
   0.0000000000
   0.0000000000
   0.0000000000
   0.0000000000
   0.0000000000
   0.0000000000
   0.0000000000
   0.0000000000
   0.0000000000
   0.0000000000
   0.0000000000
   0.0000000000
   0.0000000000
   0.0000000000
   0.0000000000
   0.0000000000
   0.0000000000
   0.0000000000
   0.0000000000
   0.0000000000
   0.0000000000
   0.0000000000
   0.0000000000
   0.0000000000
   0.0000000000
   0.0000000000
   0.0000000000
   0.0000000000
   0.0000000000
   0.0000000000
   0.0000000000
   0.0000000000
   0.0000000000
   0.0000000000
   0.0000000000
   0.0000000000
   0.0000000000
   0.0000000000
   0.0000000000
   0.0000000000
   0.0000000000
   0.0000000000
   0.0000000000
   0.0000000000
   0.0000000000
   0.0000000000
   0.0000000000
   0.0000000000
