   0.9997336837   0.0000000000
   0.0230828576   0.0000000000
  -0.0000000000   0.0000000000
  -0.0000000000   0.0000000000
  -0.0000000000   0.0000000000
  -0.0230786822   0.0000000000
   0.9998002282   0.0000000000
   0.0000000000   0.0000000000
  -0.0000000000   0.0000000000
   0.0000000000   0.0000000000
  -0.0000000000   0.0000000000
  -0.0000000000   0.0000000000
   0.0127383371   0.0000000000
   0.0080607905   0.0000000000
   0.9998868255   0.0000000000
  -0.0000000000   0.0000000000
  -0.0000000000   0.0000000000
  -0.0988771729   0.0000000000
  -0.9950568141   0.0000000000
   0.0092815257   0.0000000000
   0.0000000000   0.0000000000
  -0.0000000000   0.0000000000
   0.9950185650   0.0000000000
  -0.0989841690   0.0000000000
  -0.0118783356   0.0000000000
