0.1570435323279620           0.100847423460884
0.4877544479660700           0.111546118936684
0.8705376156017330           0.134356147775848
1.3476766920864000           0.172258219548900
1.9737426791979200           0.230180645797436
2.8227090946785200           0.315694593235680
3.9978883283219500           0.440137389467748
5.6462884431969900           0.620340935100956
7.9797135852505600           0.881257502429696
11.306104853980700           1.259949713789070
16.076474036543800           1.811678815211640
22.955699193585000           2.619246242060660
32.930053373920800           3.807416412209410
47.471650379587500           5.565335383414520
68.791700824334700           8.181629434886400
100.23337165106400           12.099772682670100
146.88580759062500           18.006128210987400
216.55141603131400           26.971130666896600
321.28234823123800           40.677708690614400
479.84253008685500           61.794333525008800
721.68931630958900           94.590334068199200
1093.4758256486100           145.961532346947000
1669.7802982256600           227.159147336288000
2571.0074565627800           356.739732212466000
3993.6144689187000           565.665769135216000
6261.8199584041800           906.260093086972000
9917.4058870437700           1468.228111330460000
15878.648337580900           2408.129869883540000
25729.536196159500           4006.303374724480000
42273.374582420600           6788.274877441720000
70711.431334886800           11840.471199203400000
121772.29407575600           21945.271340695000000
223895.20974520000           47823.422448314000000
511167.18057536300           177527.891920029000000