Freq:  0.157043532327962
8.863768334270918e-06
2.196138991849568e-05
3.8874634181807005e-05
6.360058949286313e-05
0.00010259292632954123
0.00016542021012814728
0.0002659512790350862
0.000424746871443929
0.0006725625929170592
0.001055418827340992
0.0016414795522881548
0.002531334777146337
0.003871865416906262
0.005877042634073103
0.008855404590215398
0.013251297719273029
0.01969822949326612
0.029099121513956206
0.04272786977301899
0.06238257105761567
0.09057426345974119
0.13081175220491753
0.1879360054592907
0.2686139388132256
0.3818353571278368
0.5395286689747567
0.7566008369849
1.0498276617590403
1.4316291928736562
1.8916719965975022
2.339864629467523
2.450566345559848
1.1765472825031777
-4.9552203867289055
Freq:  0.48775444796607
8.864554785343078e-06
2.1958801215890795e-05
3.887925542197422e-05
6.359394090432525e-05
0.00010260179813211936
0.0001654083659133891
0.00026596762069954806
0.0004247234831134874
0.0006725969004053961
0.0010553674369600742
0.0016415560496466693
0.0025312165011410095
0.0038720322822032843
0.005876751158765719
0.008855694382671002
0.013250356114084157
0.01969788475274337
0.029093799768942236
0.04271656225461813
0.06233742051965984
0.09044475381636066
0.13039124902328258
0.1866802657647286
0.2648015927537228
0.3706276148075465
0.5068642971815369
0.663629204613945
0.7910134336134561
0.737650310817752
0.1385109196067466
-1.5995422334355216
-4.300261966315518
-2.5831729733757043
12.171870756873492
Freq:  0.870537615601733
8.866580353416812e-06
2.1952133125058455e-05
3.8891161506443274e-05
6.357680544235515e-05
0.00010262467594945785
0.00016537780121933106
0.00026600982710312324
0.00042466302378542164
0.0006726856784876544
0.0010552343425175186
0.0016417545300062629
0.002530909632946073
0.003872467867029521
0.005875995498656576
0.008856472124129981
0.01324794596519875
0.019697231825607106
0.02908050905758994
0.042689546643716776
0.06222638632445479
0.09013109485147523
0.1293642510334775
0.1836374865759215
0.2555664974487214
0.3437936916458708
0.42990137151208274
0.45305499961005796
0.24802905464175284
-0.48851814429599505
-1.9276428462329653
-2.367559138383291
2.54173255967862
2.3093271191367495
-12.827412485568612
Freq:  1.3476766920864
8.84244303570483e-06
2.203158915630144e-05
3.874930145419479e-05
6.378094459241033e-05
0.00010235217962959089
0.00016574173450729026
0.000265507359265019
0.0004253821440105246
0.0006716285262325363
0.001056811883586716
0.0016393768516425758
0.0025344814258591282
0.0038670280775133193
0.005883972440524803
0.00884378766583091
0.013264369692416756
0.019664090103167883
0.02910085308279778
0.042563910636626345
0.06210626928648655
0.08933444045726731
0.12752489821987467
0.17711670768331345
0.23770064846667094
0.29013908370072244
0.2867040968678241
0.08592491273720487
-0.5142133115949156
-1.503634676082863
-1.0743778867773046
2.585683139571923
-0.8940532085473128
-1.1665759909615216
7.6506658442489845
Freq:  1.97374267919792
8.923587919465867e-06
2.1764474795450613e-05
3.9226200945772304e-05
6.309468628942053e-05
0.00010326821572561486
0.00016451833088705007
0.00026719636321835663
0.0004229646153308141
0.0006751811765342495
0.001051505195880356
0.0016473548298454785
0.0025224171476560596
0.0038851061161694197
0.0058563833818249455
0.00888372988376028
0.013199679092657613
0.019743567645392566
0.028925469582900903
0.04263819106736642
0.061390817038151316
0.08849733736925999
0.12283871107349598
0.1662244936066835
0.20109645725705128
0.19685352252072563
0.039490342153546895
-0.40000178439749184
-1.0939293983324618
-0.5465358402355509
1.9030226058168302
-1.1858891584481963
0.3599057823870355
0.10085423560660356
-0.962279152004129
Freq:  2.82270909467852
8.760806997263237e-06
2.2300320393723e-05
3.826951471433111e-05
6.447135825477791e-05
0.00010143058815991961
0.00016697254963792034
0.00026380798637653656
0.000427814188177954
0.0006680524135852077
0.0010621467936029905
0.0016313246524127935
0.002546546498846765
0.00384850627248652
0.005910669312156719
0.008799488390464799
0.013315982125381856
0.019536561110484324
0.02912291237609898
0.04197641051398017
0.06120358385601272
0.08504417054544304
0.11659234534121861
0.1412409415313695
0.14125629920854332
0.028777970776410568
-0.2807653349919205
-0.7826491155091424
-0.34379989400075817
1.3412832567452866
-0.9259681480513821
0.4193250990981181
-0.24448527362399608
0.4034055444512462
-2.8037237290099752
Freq:  3.99788832832195
8.9869518747838e-06
2.1555890743379263e-05
3.9598606730453e-05
6.255877968044314e-05
0.00010398358623572935
0.00016356281957371018
0.0002685155774984253
0.000421075403256581
0.0006779561126289065
0.0010473482279547113
0.0016535718590354586
0.0025128560655627587
0.003898913860663233
0.005833226780594344
0.008910312031187907
0.013130679707564036
0.019748401175738707
0.028585905315607275
0.042062779343329505
0.05875312101454962
0.08150537024419985
0.09979882982652265
0.10283223859642408
0.027149356071198158
-0.18768790593163376
-0.5534703618512895
-0.2582347579990781
0.9461244873311216
-0.6476449672386659
0.29138443429925576
-0.15254087089051838
0.15291056662116498
-0.3710849326111001
2.6728501160389655
Freq:  5.64628844319699
8.768670776893572e-06
2.2274436426208307e-05
3.831571833308773e-05
6.440489351381338e-05
0.00010151923286497957
0.00016685424909581895
0.000263970676722171
0.00042758089066806946
0.0006683880653983381
0.0010616280372621112
0.0016320082056661034
0.002545203072571263
0.0038492216769125632
0.0059051173618867294
0.008791148427832832
0.013271840722171512
0.019405737714407116
0.02866764334004213
0.04051007441515536
0.056567537383833084
0.07067542248353627
0.07470360733431906
0.02647915499088903
-0.12200894168976849
-0.3862298120815138
-0.2112800861573433
0.6697356012612257
-0.43568448328304993
0.17901483117619701
-0.0728980950844561
0.03949677730390217
-0.03152900463954162
0.03548883299472708
-0.004461729925726472
Freq:  7.97971358525056
8.874646721992e-06
2.1925576322752167e-05
3.893858911516824e-05
6.350851014539369e-05
0.00010271590918263404
0.0001652555441728131
0.0002661784575129602
0.00042441697078718485
0.0006730364806799476
0.0010546452980269556
0.0016424294596692163
0.0025289688780155517
0.0038721778860452754
0.005864133328095852
0.00883159476996153
0.013133623105695864
0.01935668859738039
0.027867782585436623
0.038910953849002214
0.05003415126095662
0.05378074834408528
0.024791635457171262
-0.07777930474461367
-0.2656750352699637
-0.17616994637610903
0.473532100622808
-0.2867416668526331
0.10288693896938361
-0.027608644576298358
-0.0021859444800608197
0.027723449468171735
-0.08935288733614999
0.38050206038219603
-3.5214755329400447
Freq:  11.3061048539807
8.991733875399057e-06
2.15401544845596e-05
3.962667950673825e-05
6.251843080337964e-05
0.00010403724096392947
0.00016349122250551557
0.00026861227544954864
0.0004209330245648038
0.000678135912314067
0.0010469875815816818
0.0016536834777568503
0.0025111749485410596
0.0038954411301677662
0.005817255930569889
0.008856965129247017
0.012944851845480028
0.01911231956227213
0.02651509275485629
0.03533582785565134
0.038288074061535955
0.022071383278443216
-0.04875115055425761
-0.1800807654254807
-0.1452890432638639
0.3329649077909103
-0.1852248393781608
0.05529404586755754
-0.0046316595202032795
-0.015547378508289383
0.03319878375078128
-0.06828915571698779
0.1775412192224637
-0.7078034067934205
6.389243325937009
Freq:  16.0764740365438
8.555651703529956e-06
2.2975652801861344e-05
3.7063795832607545e-05
6.620634466306054e-05
9.911459634314349e-05
0.0001700648744198054
0.0002595360328833169
0.0004339146503434622
0.0006590319335052913
0.0010753828072200588
0.001610503948882434
0.002574423463246483
0.003793361823283752
0.005945397395326929
0.00857621773199772
0.013052220999870539
0.017904039968616996
0.02484695039404154
0.0269606203098297
0.018777194348837192
-0.0300061502957363
-0.12029148289870448
-0.11730146371238627
0.23207420284567226
-0.1171736255612541
0.026707467315640422
0.006119467406823731
-0.01834435453999672
0.028400289813024532
-0.0458470295358947
0.08827979158466603
-0.2250547075623368
0.8921795158123693
-8.047685323841336
Freq:  22.955699193585
9.380566986085643e-06
2.0260174582132902e-05
4.191196177176127e-05
5.9229755358136145e-05
0.00010842714256916331
0.00015762663569179105
0.00027670578295063616
0.00040932424872278274
0.000695117278974341
0.0010212446475530617
0.0016910170773053131
0.0024491510039326815
0.0039682242964784505
0.005630692141408773
0.008865486582161948
0.011984878025356695
0.017368360209934923
0.018791801459377214
0.015374149530238653
-0.01806688053640276
-0.07918165217142241
-0.0925303882785264
0.15997627078542953
-0.07224383903493865
0.010207907607209899
0.010374280015548368
-0.017215946289321646
0.022438473700011813
-0.030851652652107153
0.0484841972183378
-0.09283942903369102
0.2366916207739691
-0.9395982933849893
8.487613462164468
Freq:  32.9300533739208
8.123773195329338e-06
2.439734340904117e-05
3.452543457910064e-05
6.985924318248372e-05
9.423747956761498e-05
0.00017657797449329707
0.0002505303049103119
0.00044676999330665944
0.0006399319165791698
0.0011031955778722582
0.0015655305969134218
0.00263095924213305
0.0036641800683752048
0.005982991275210115
0.007956025804351369
0.01205457894527879
0.012975343074694449
0.012189772993862235
-0.010573495145333216
-0.05133961114965855
-0.07137559338860858
0.10888282072913286
-0.04308825429869771
0.0012075060411905099
0.011269686189398068
-0.01477422396329553
0.017242928401628763
-0.02120012241051944
0.028892803401003503
-0.04548721505970299
0.08742257701923184
-0.22364841123303814
0.8902462980028831
-8.058215914100195
Freq:  47.4716503795875
9.832481011890743e-06
1.8772503977671244e-05
4.4568183481401063e-05
5.5406746155158714e-05
0.0001135306764628736
0.00015080293217849142
0.00028611386617296235
0.00039574950245220705
0.0007147254346450097
0.000990283247956789
0.0017315606624466072
0.0023632792385165167
0.004008453939571775
0.005238545848844454
0.008299954478882656
0.008880117696344416
0.009404954422986549
-0.005953834984976567
-0.03275921585490241
-0.05392460163840602
0.07306756153255915
-0.02456475908620079
-0.0032505253395326145
0.01052183777614676
-0.012079385999516662
0.01306997326507714
-0.01483987767378242
0.01826795368131992
-0.025046240597074276
0.03966013809098601
-0.07658124466052263
0.19662373622857965
-0.7848466488998644
7.119817008931662
Freq:  68.7917008243347
7.669706913337726e-06
2.5892134557470542e-05
3.185626791306554e-05
7.370082686256811e-05
8.910520344506098e-05
0.00018342900236387018
0.00024101400272621862
0.0004602321122899256
0.0006192519604427808
0.0011309156526495808
0.001510132004409447
0.0026645249631227254
0.003420994336177574
0.005665808013170211
0.006025428363484777
0.007087279818125196
-0.0031701991250418244
-0.02054200697821508
-0.03996381533352406
0.04827769048193641
-0.013104842424674192
-0.0050480448320864915
0.009072744302248251
-0.0095634587667204
0.009809205031123841
-0.010519253508375945
0.012035632336088453
-0.014945675664120611
0.02063658585180511
-0.03285095950433059
0.06367968189624573
-0.16396485807241667
0.6558711152128396
-5.959407629590409
Freq:  100.233371651064
1.0275545629437593e-05
1.7313849624800014e-05
4.7172945826501783e-05
5.1656016753266846e-05
0.00011853757936019683
0.0001440854071788033
0.0002953203519155245
0.0003821037761937782
0.0007331765560715455
0.0009552737581883337
0.0017567099207561768
0.0022150464316953713
0.003832912380105819
0.0040535101541993735
0.005230889518729687
-0.0015427667905042672
-0.01263149533470952
-0.02909005488609164
0.031358283851325455
-0.006255115787195454
-0.005366269610105249
0.007431305344414659
-0.007385482939890815
0.007290615630518391
-0.007504018560493635
0.008145742568060735
-0.009420513732494945
0.011793665205486636
-0.016381340496118696
0.026190420356517696
-0.05093218943100464
0.13146540595615352
-0.5269155888369585
4.796029914428132
Freq:  146.885807590625
7.246806633843781e-06
2.728449458498964e-05
2.936911825480445e-05
7.728117792239454e-05
8.430986291709194e-05
0.0001898078945947039
0.0002319645763190935
0.00047239755663614673
0.0005973761359004584
0.001148721693311156
0.001421113924312507
0.0025690377681965547
0.0027029816855438146
0.0037893399181070865
-0.0006300367508884931
-0.007593211832464912
-0.020818149792891306
0.01998619284367906
-0.0023487416824018287
-0.004931768913281997
0.005860213901711691
-0.005582288860620977
0.00535977137920695
-0.005356087685145557
0.0055981027527898936
-0.006150548360271235
0.0071752474095203855
-0.009038180443021737
0.012608294552374721
-0.020218890128313682
0.03940075027308276
-0.10184024261793367
0.4085327621938539
-3.720458492298448
Freq:  216.551416031314
1.0671898199766869e-05
1.6008653695812514e-05
4.950444563872142e-05
4.829266517823234e-05
0.00012302007433272002
0.00013797456907066585
0.0003033885830281532
0.0003684531918106356
0.000745405237407434
0.000902480865630776
0.0017059323055203552
0.0017857009089530754
0.0026986495861150168
-0.00014847303076355293
-0.00444208538036318
-0.014657330133623893
0.012469061489230484
-0.0002697901196265203
-0.00417820801467399
0.004482051315617679
-0.00413703156157803
0.00389251134319976
-0.003808114859380287
0.003873465494000309
-0.004101541074577303
0.004547488191209981
-0.005338519231652489
0.0067535754110739366
-0.009448773841794322
0.015181422932963762
-0.0296199561852013
0.07661301907509199
-0.30744887710791335
2.800671086111244
Freq:  321.282348231238
6.8817682242974854e-06
2.8486768342198064e-05
2.7218724081699895e-05
8.03758011033328e-05
8.01164850095703e-05
0.00019524675583994783
0.0002233693933533639
0.00048068219699367676
0.0005663754920406191
0.0011225221593882681
0.0011678503433770044
0.0018918288628133762
8.121944044247936e-05
-0.0025114918158606232
-0.010157049379406676
0.007590185725412977
0.0007146642851308051
-0.0033516221084605455
0.0033391577320243337
-0.0030090152935109095
0.0027894766854134525
-0.0026878455523664975
0.0026814579916922474
-0.0027653107025904546
0.0029558947422204246
-0.003298444148982921
0.0038892582699656675
-0.0049349286446440654
0.00691845057425397
-0.011131570513436162
0.021740127896932582
-0.05627283323237009
0.22594808884584605
-2.0591575248034246
Freq:  479.842530086855
1.1001775751543745e-05
1.4921416902196401e-05
5.1447701163378833e-05
4.546619307028456e-05
0.00012672967911778538
0.00013247026390535505
0.0003089961999287053
0.00035036562342031434
0.0007324532663512851
0.0007551868571847493
0.00130695761968277
0.00017013002669542929
-0.0013568122608920799
-0.0069290709443375655
0.004487464633961668
0.001074707662324317
-0.002580219387075037
0.0024295731034118095
-0.0021488667809164254
0.00197051081612557
-0.0018783744794406924
0.001848445347604177
-0.0018709009224991188
0.0019484491718530957
-0.0020968178335166038
0.0023508516114930447
-0.0027813149503692902
0.003538026867454136
-0.0049699580436200486
0.008009708978931107
-0.015665584703834057
0.04060295791375235
-0.1632402435067597
1.489634270453891
Freq:  721.689316309589
6.590273823330671e-06
2.9447763734800057e-05
2.5490148103186888e-05
8.28445138643743e-05
7.655085828195125e-05
0.000199063793044924
0.0002128365845816146
0.0004746996312228294
0.00048197030100408935
0.0008908429395790902
0.0001853350715474494
-0.0006859654786033245
-0.0046537549820318425
0.002559459838071489
0.0011031003857078408
-0.001920596309351957
0.0017289102885713371
-0.0015065606580345154
0.0013703672093452399
-0.0012963089671712133
0.0012633637391808086
-0.0012617983778630878
0.001289830355981571
-0.0013522902413179924
0.0014619155096521272
-0.0016442230806288094
0.0019496523524457077
-0.0024841575795964133
0.0034941102255935386
-0.00563805738644052
0.011042171577353987
-0.028669193235280055
0.11551931910460489
-1.0571958575486562
Freq:  1093.47582564861
1.1251816805529212e-05
1.4094364923347865e-05
5.29233793485305e-05
4.321820519860475e-05
0.00012931180160922633
0.00012633707887779315
0.0003065565199615839
0.0003027567319877053
0.0006000316835216703
0.0001660017060189483
-0.00031020884825270914
-0.0030770094792790543
0.0013933152882103642
0.0009756319038202658
-0.0013882865771999817
0.0012040833354753369
-0.0010365092889139896
0.0009370375616054639
-0.0008815445366620787
0.0008532737099150832
-0.0008441787486276366
0.0008514726923928174
-0.0008760426650383894
0.000922368907750229
-0.000999854443623771
0.0011263818975809914
-0.0013367307199996514
0.001703541442785561
-0.0023953133063689958
0.0038618281551950906
-0.007553602592382358
0.019577381028835772
-0.07870349665767407
0.7178887263343512
Freq:  1669.78029822566
6.385124634355177e-06
3.0125648043732216e-05
2.4230953264174252e-05
8.449657933357074e-05
7.302679259228538e-05
0.00019831409588907874
0.00018647226312545065
0.00040031955490998157
0.0001339906369981689
-0.00010976031041476072
-0.0020026255745484306
0.0007105455576065377
0.0007926758320967932
-0.000976903304126438
0.0008207365502023577
-0.0006992781715864959
0.000629189193993378
-0.0005896431312297648
0.0005680616894743239
-0.0005583665244294099
0.0005580130110916836
-0.0005666370494629563
0.0005856710836903162
-0.0006186276089841999
0.0006721655880057159
-0.000758584129421154
0.0009015664928431061
-0.0011503888165096121
0.001619161676453429
-0.002612238798030131
0.005110772587926249
-0.01324496999398006
0.05324286087610286
-0.4860288417451599
Freq:  2571.00745656278
1.1407970011243772e-05
1.3567144908760041e-05
5.382408919473643e-05
4.13241332965679e-05
0.00012925302697761154
0.00011211198401921276
0.000265593188906806
0.00010068644964178778
-1.007850257437172e-05
-0.0012828890267485376
0.0003268953476889449
0.000607338521289507
-0.000669822081697799
0.000547040577614909
-0.00046182446048847374
0.00041389812312656927
-0.0003867511780384896
0.0003713415432089577
-0.00036331994262317566
0.00036070339925976976
-0.00036284620516073736
0.00037006243354902914
-0.00038360937174963805
0.0004059841935854999
-0.00044167912995459607
0.0004988511321575573
-0.0005931190828962485
0.0007569233674132869
-0.0010653296479237184
0.001718432908067058
-0.0033609274157657687
0.008704387972390926
-0.034940153073122815
0.31786788370591523
Freq:  3993.6144689187
6.282843843292074e-06
3.04618905087824e-05
2.340711871947322e-05
8.45877989974433e-05
6.573615254009597e-05
0.0001762602869574445
7.147265093162023e-05
3.4101327990955824e-05
-0.0008089617068875524
0.00012285782964102112
0.0004444410833063723
-0.0004473977369073602
0.00035589445119364196
-0.0002978199519244963
0.00026593532565562716
-0.0002478954879751487
0.00023742735493934171
-0.00023154398013245205
0.00022882526670733438
-0.0002286839419797038
0.00023107240800737758
-0.00023640313057365914
0.0002456143865633229
-0.0002604007249477555
0.00028372261005200905
-0.0003209006679377596
0.00038209040470030264
-0.0004883824678683923
0.0006886442104880874
-0.0011133298180947548
0.002183192664218625
-0.005669237811636307
0.022805848125457828
-0.2077441404492788
Freq:  6261.81995840418
1.1447836956198454e-05
1.3382659855358547e-05
5.380723066841049e-05
3.8056677561198354e-05
0.00011769199551645181
4.8463934205013695e-05
4.952063585644145e-05
-0.0005022872101483558
2.2716458013144545e-05
0.0003125832497948627
-0.0002905942401418922
0.0002252141740202785
-0.00018669381335925292
0.00016602147789630253
-0.00015437223037936864
0.00014752550687603303
-0.0001434956582891478
0.00014131657709738968
-0.00014053979117888658
0.00014102707905256154
-0.00014287404071301225
0.00014640811701681702
-0.00015225162921131408
0.00016147430420262315
-0.0001759122712882838
0.0001988447495876594
-0.0002365169130248701
0.0003018926951893486
-0.0004250238466133871
0.0006862498009757578
-0.0013453980315865088
0.0035007065944916427
-0.01416120196975168
0.1303623828176157
Freq:  9917.40588704377
6.317152316839676e-06
3.0301548891306586e-05
2.247332203898764e-05
7.872082636918584e-05
3.222134582067055e-05
5.130622711519965e-05
-0.000307095905229024
-2.035684619429716e-05
0.00021186722914668673
-0.00018288053592645877
0.00013781406177649038
-0.00011293962914239015
9.988791294253418e-05
-9.258467042786681e-05
8.827184478466172e-05
-8.566990308487253e-05
8.415016957692657e-05
-8.340360030416284e-05
8.330253379686082e-05
-8.38438108344804e-05
8.513331339421969e-05
-8.739994437480768e-05
9.104222911749879e-05
-9.672664708525874e-05
0.00010558595578254171
-0.0001196343246756687
0.0001426962782211938
-0.00018268920711206338
0.0002578991232379535
-0.00041695589980117465
0.0008162020775350776
-0.002112770809207465
0.008478033759903525
-0.07732641363445936
Freq:  15878.6483375809
1.1308226129762086e-05
1.3571404924338074e-05
5.093979064138367e-05
2.2366365696222093e-05
4.739547116137298e-05
-0.00018429315352546855
-3.452873150189609e-05
0.00013845634114777238
-0.00011077934447981265
8.07060446059647e-05
-6.508460046741481e-05
5.7075222557228904e-05
-5.2635581771051784e-05
5.001388397540612e-05
-4.840944504545591e-05
4.7427341137005205e-05
-4.686643641143911e-05
4.66307952070779e-05
-4.669115829054188e-05
4.707009255732614e-05
-4.784137412768095e-05
4.914198065816833e-05
-5.120088760674282e-05
5.439615671719647e-05
-5.936677603025908e-05
6.724452574076445e-05
-8.017461741227638e-05
0.00010260316493604371
-0.00014485253789320307
0.00023463068615259264
-0.00046207408756582247
0.0012112187636614813
-0.0049598458175976745
0.04652379820363706
Freq:  25729.5361961595
6.61078473470005e-06
2.8880836068104134e-05
1.738440710589867e-05
4.105511177632034e-05
-0.00010636080034462676
-3.642344122020417e-05
8.739384809461527e-05
-6.402722949352924e-05
4.456654897650586e-05
-3.505889032358138e-05
3.0308194875680746e-05
-2.7709338382137308e-05
2.6183304272276798e-05
-2.524541388064386e-05
2.4657179533521274e-05
-2.429483549892461e-05
2.409471935589159e-05
-2.4028906740353965e-05
2.409446070847452e-05
-2.4310018078473224e-05
2.4717653567389933e-05
-2.5390167043413958e-05
2.6445914502702672e-05
-2.807711970315499e-05
3.06068960028022e-05
-3.4609905162436005e-05
4.11806085071631e-05
-5.257495537372425e-05
7.394944513847146e-05
-0.00011886944873651384
0.00023053271174044987
-0.0005891090538172605
0.0023332440802317223
-0.021200159167221955
Freq:  42273.3745824206
1.0737032317133011e-05
1.3760613128327762e-05
3.293687715629664e-05
-5.4279668726730146e-05
-3.51332696668933e-05
5.3693753591668156e-05
-3.5027312595018584e-05
2.2831589750129874e-05
-1.726771664534686e-05
1.4573388605258145e-05
-1.3127005382966572e-05
1.2288349066809801e-05
-1.1776135891089848e-05
1.1453354128532407e-05
-1.1248655260941154e-05
1.1124117947104934e-05
-1.106079500332556e-05
1.105200169225452e-05
-1.1100482830054149e-05
1.1217963909666492e-05
-1.1426670621580981e-05
1.1763191939146572e-05
-1.228613455122804e-05
1.3091028236468516e-05
-1.4339907976869404e-05
1.632195715259993e-05
-1.958416459656165e-05
2.5242578759687717e-05
-3.582243252331363e-05
5.787024941245056e-05
-0.00011201776397529173
0.00028387655044559423
-0.0011091696837013387
0.009789387339395716
Freq:  70711.4313348868
7.372990114455731e-06
2.252407261149115e-05
-1.7258189224223777e-05
-3.3122992488679605e-05
3.1882368894830024e-05
-1.7679707363635946e-05
1.0470904437872577e-05
-7.4442739045507385e-06
6.036447705280788e-06
-5.300446983529149e-06
4.881998179163873e-06
-4.6298126362468404e-06
4.471472597032721e-06
-4.3694596714675005e-06
4.303451428293607e-06
-4.262422451198908e-06
4.2408778254835e-06
-4.2370504119509066e-06
4.252174427869446e-06
-4.2904775077023255e-06
4.359810348838165e-06
-4.473151817575502e-06
4.651615107941626e-06
-4.930132067523796e-06
5.3682752485934015e-06
-6.071630500890934e-06
7.238510301571521e-06
-9.265863758156634e-06
1.2998288895726962e-05
-2.0387550530909238e-05
3.6587645527830226e-05
-7.806470307625268e-05
0.00021416076971814135
-0.0009037163459595376
Freq:  121772.294075756
9.453542643107546e-06
5.850817906276947e-06
-2.6386143257601028e-05
1.57110843070656e-05
-6.784442319061147e-06
3.4355269589516366e-06
-2.1976283349136737e-06
1.6594738926652272e-06
-1.3908862450242383e-06
1.2435220095291912e-06
-1.1571435939411023e-06
1.1039925878228267e-06
-1.070065303102486e-06
1.0478499728437413e-06
-1.0331799197159548e-06
1.0237532291049092e-06
-1.0183962022617364e-06
1.0166890386459695e-06
-1.0188078450410615e-06
1.025517160602521e-06
-1.038188170234683e-06
1.058831955589451e-06
-1.090368347139714e-06
1.1372619329735878e-06
-1.2065685579543128e-06
1.3092959610661037e-06
-1.4565268818267363e-06
1.635329922811124e-06
-1.747370015348082e-06
1.4655868431079355e-06
3.778308355073534e-07
-9.572876625618676e-06
7.235687452933348e-05
-0.0011361005902728039
Freq:  223895.2097452
8.64449310075158e-06
-1.037682248867394e-05
1.4199408613483114e-06
7.696204310707691e-07
-8.153069042149982e-07
6.328418858296352e-07
-4.982313240333683e-07
4.167398187316035e-07
-3.686139428545564e-07
3.3980080051750246e-07
-3.22239730234878e-07
3.1148805820194365e-07
-3.051228789389352e-07
3.0187580189581804e-07
-3.011929387696389e-07
3.030276523681343e-07
-3.0777176595556816e-07
3.1629031582323594e-07
-3.3006153073817865e-07
3.5147368982954563e-07
-3.843627482680301e-07
4.3497909470342766e-07
-5.138645367188527e-07
6.392733182536414e-07
-8.444166455651159e-07
1.1952445062995976e-06
-1.8320662937693077e-06
3.07262421450627e-06
-5.719682490079592e-06
1.2066843053049059e-05
-2.983237219345014e-05
9.253659416752491e-05
-0.00041721873978328716
0.003963827103397932
Freq:  511167.180575363
2.6013683701838777e-06
-4.2650201981771566e-06
2.6880402771443435e-06
-1.6769016402577513e-06
1.0927089838476596e-06
-7.626551169597482e-07
5.7983904424929e-07
-4.779478806766482e-07
4.1957074124168627e-07
-3.8489141329005414e-07
3.635095551723314e-07
-3.4984147218898587e-07
3.407881498270187e-07
-3.34573124799193e-07
3.301491190398076e-07
-3.268829582403054e-07
3.243807390773158e-07
-3.223748184836249e-07
3.206188997281756e-07
-3.187858021447276e-07
3.1636267563452114e-07
-3.123753722460154e-07
3.046339445110513e-07
-2.884550594391133e-07
2.544265987475258e-07
-1.8205864687342865e-07
2.7146787137666273e-08
3.0966340558435945e-07
-1.0863611754063918e-06
3.0463969373228927e-06
-8.654895492510306e-06
2.870853887326774e-05
-0.0001413183798231188
0.0017806490586949053
