Freq:  0.2997413607
0.004934232551312126
0.0151490487228223
0.0381613732503923
0.09098767082203357
0.2051624697756331
0.4392179780143145
0.8930990995248212
1.6872648903574274
2.5842948962686303
0.19684940012550217
Freq:  1.0254167167
0.00494052975015295
0.015105765285351168
0.038319409512197485
0.09040291654129898
0.20503736282382076
0.41996788478282604
0.7531183912416068
0.46414743965640926
-2.777869877298865
-0.10467380504630713
Freq:  2.2081204281
0.004921498864948377
0.015235335248282912
0.03779314832815193
0.09149453124779237
0.19530723708014067
0.37158432810988284
0.1877505849410516
-1.450750181463673
0.6526337961987894
0.05439179310450908
Freq:  4.4673434763
0.004935806198372961
0.015131220706789867
0.03810515280023048
0.0885124720827167
0.17864542875059508
0.13823517735524704
-0.7055346593023739
0.2785920228836319
0.0021102758262474576
-0.3212552624242068
Freq:  9.1504060805
0.004963188328785439
0.014932834534198356
0.038348463811753525
0.0803050663423517
0.09682549949246051
-0.32754112317019346
0.08967017039519457
0.03292685980337822
-0.10803738592131193
0.47168256552925963
Freq:  19.4417624082
0.004861234876131743
0.015550285702700355
0.033949527047828776
0.05805548087053942
-0.14082149575329156
0.017238209811896724
0.030797041786345805
-0.05042402503179298
0.10137223520629152
-0.423975943297904
Freq:  43.4386668156
0.005052298540864595
0.013842171618078394
0.030183754341597285
-0.05384344989278419
-0.00494322881540162
0.021191113228429447
-0.025446960149337564
0.03542154102092455
-0.07091271681250211
0.29854426942688883
Freq:  103.5471053219
0.004722298806654687
0.01398940062272891
-0.016501618781555615
-0.008684852033002155
0.012943035005879087
-0.013367805613435521
0.015422795667348587
-0.021810739711226428
0.04417199520051123
-0.18718464778584562
Freq:  269.7738483758
0.005102895150419484
-0.00167065085793628
-0.007585025774655929
0.008105292707921378
-0.00796847117283589
0.008456374094672574
-0.010032787623732628
0.014395626847477356
-0.029366797773947365
0.12491227304193536
Freq:  840.2848331258
0.002191086419727196
-0.004314142658213676
0.004301954491439934
-0.004442140080049381
0.004667411002405619
-0.005115705705796078
0.006157853622025013
-0.00889524541354619
0.0182053422548378
-0.07756560243063111
Freq:  2.4772242467
0.00488584941066708
0.015478272205516452
0.03686153536984977
0.0940436389742718
0.186479357299339
0.37060165916644877
-0.011229360905663574
-1.3691664334983746
1.2288764183395795
-2.1965795283177516
Freq:  3.5361737282
0.004846002386505895
0.015747977044943386
0.03579697310559226
0.09629652580682785
0.16998900031016803
0.2944503828707059
-0.5889538963118823
-0.3944129018788489
1.0392150042246417
-3.4880462660122418
Freq:  6.3126700124
0.005082922559645934
0.01411842320493899
0.041844122907132186
0.07491367736123243
0.18298129395691656
-0.17036181632434955
-0.3908938784110994
0.5004961414061689
-0.7363032335728847
2.6358924452690125
Freq:  12.5952245841
0.0047643507755437955
0.016287128460920085
0.0325023967355749
0.08941664970505998
-0.0354096869027525
-0.22269392672666558
0.20678169897483065
-0.20448322166035718
0.34796389567125385
-1.3613153988050244
Freq:  26.8187423356
0.005101114749094273
0.013773804624870246
0.03884264215484122
0.003983136857432589
-0.11137905600430476
0.08245157594157475
-0.06485736766867208
0.07733783452835241
-0.1456279031635576
0.5962081706539748
Freq:  60.3985505678
0.004773031791746296
0.015452270287435557
0.011169361203482725
-0.05075506173106242
0.030315139397717877
-0.020316518390543797
0.019982830686095895
-0.02658015671807344
0.052407051934193025
-0.21921451084521817
Freq:  144.8242009234
0.00501808802684216
0.009037122345455768
-0.020191705466212663
0.0089468478589639
-0.004960768839320565
0.004293891857848925
-0.004729669120883543
0.006578356757244268
-0.013228271975022982
0.055865526020687076
Freq:  375.8629062381
0.004529574513739091
-0.004803782829347329
-0.0003701437927446067
0.001434220882762169
-0.001652331464441764
0.0018423091277511455
-0.0022283937393514416
0.003224704789866889
-0.006604807438552692
0.028150618751634746
Freq:  1098.1153648547
0.0015168475720470042
-0.0031930514819386094
0.0034859379205764004
-0.0037210669505472783
0.003954503982400104
-0.004353669993701853
0.005250624684033265
-0.007591383291903982
0.015543389580785386
-0.0662383727232723
Freq:  4504.393922348
0.00012165760748031633
-0.00028255071412520765
0.0003465031636795176
-0.0003862161289041055
0.0004169955355800793
-0.00046203813502709574
0.000558788670893976
-0.0008089431925281759
0.0016573488853359472
-0.007065063370449382
