0.30592345927570896           0.20112991018758253
1.0442797537008002           0.2851350667093247
2.23099527503543           0.49890449334648185
4.434986455581124           0.9618804720074606
8.811829354531525           1.9487411365524425
17.86536326499503           4.094791550048446
37.277014650353124           8.923028301159455
80.59331987266393           20.31398109831773
182.8709994440723           49.6822904685745
460.86222964374355           152.92582149615444
3814.9994499132213           19471.013175555767
13265.75093141087           3427.6527746747606
15478.601232089668           5919.620985539133
23712.64578931126           1516.0106770884852
62134.06357697698           1886.8793548077642
160907.00354780257           2355.537076836422
362215.82194860233           3360.842194769302
764540.30586499           4673.709412584424
