Freq:  0.30592345927570896
0.00273590522879672
0.007424351741261575
0.015615489546208063
0.031955856812529645
0.06457248132699368
0.12771796008418018
0.2461230248068146
0.4598300259614396
0.8216205131796603
1.322277814739822
1.412233374019565
1.2515814793116187
0.5102381264926574
185.3854931617128
-677.9176341387981
556.311232782378
395.82858752728293
-468.64101121620695
Freq:  1.0442797537008002
0.002735702874147232
0.007425249687699939
0.015612216648245983
0.031956601347265134
0.06449486166986024
0.12725252591825154
0.24202747287897894
0.4319959006004483
0.6405693580038093
0.4189354241830696
-1.10396320077839
-1.2193568096730565
-3.2364044907374425
7810.335517734901
-50670.03393364266
158064.2496343512
-177374.62713266688
62277.87380949789
Freq:  2.23099527503543
0.002734447815816422
0.007427080433708776
0.01560187211113877
0.0319512560705734
0.06421248486340687
0.12539122243674955
0.22642866761250482
0.32830089193173095
0.06048559391475092
-1.298043082175373
0.14204085336502206
-1.4686322986859912
15.880264677268151
-142448.0078807446
1029700.7226207176
-3519229.1340492396
4166832.6733818594
-1539726.652411854
Freq:  4.434986455581124
0.0027414983445444778
0.007398576840255271
0.01567833730346442
0.031637042819000906
0.06389601242713698
0.1165053654138333
0.1758899822223421
-0.01052823973607153
-0.7485253660466406
0.4234031888910892
-0.009322061032122297
-0.1004839433247461
-0.3461329590494169
213.3651413391791
-388.3596571930727
-146.9177499975691
89.80435501344922
305.03901538325493
Freq:  8.811829354531525
0.0027096810318314813
0.007515447208797386
0.015316273442946508
0.032145880302723195
0.05817491635601037
0.09504373414003965
-0.02097860988725086
-0.38251621964565435
0.3058404599200723
-0.27332792618239
0.6725941026137595
-1.4616987134875628
2.320086381095999
-39.7585117212482
0.6049007871097354
19.39514537235978
25.421545368531046
28.478173445638426
Freq:  17.86536326499503
0.0027840293089725614
0.007198920012151986
0.016077048846255777
0.028194598722328747
0.05118980788517877
-0.019183668563117273
-0.1806023031911398
0.15742131018618355
-0.13971861698410803
0.26119541313030803
-0.8804608319937676
2.0061958610441737
-3.095707858092792
41.72908112591262
-0.2359459351089488
-19.16891956243134
-24.398992938053276
-26.29937340544326
Freq:  37.277014650353124
0.0026429873610352454
0.007781425140802345
0.01359920666125034
0.027096368430498254
-0.013668566697406492
-0.08064461572292012
0.07357720892974717
-0.06267015742109282
0.08597040858577827
-0.19814940047259752
0.6974418273413902
-1.5581781637969376
2.240734483081812
-17.164936561476253
-2.4534954902161217
5.17316024149707
8.13273742350328
10.068938546183531
Freq:  80.59331987266393
0.0028753072114791685
0.006555882361646734
0.014176073230292111
-0.008007573788422291
-0.034406903046754964
0.03273713292552734
-0.027832682219884237
0.03262974328861006
-0.053432993598857614
0.13358371496772412
-0.49175110741989586
1.1302825631184645
-1.6883233952270378
16.822528212591386
0.4122211303132487
-6.751678393113156
-8.448653788110315
-8.785982332834156
Freq:  182.8709994440723
0.0025040002694844497
0.007412144681772537
-0.003575498765603466
-0.014002205951737387
0.013687297880736072
-0.011902967836817819
0.012911205343729271
-0.017356043167411826
0.030419730731718473
-0.07955525664407868
0.30542483311736635
-0.7299748536432855
1.1610412708590623
-15.506600943161464
-0.726095255501574
6.6827148977294115
9.453787934173924
11.195340976341885
Freq:  460.86222964374355
0.003022433300652395
-0.0005002455525705968
-0.0052403239869433255
0.0049818011079292585
-0.004517001607189232
0.004759510251063559
-0.005743475998639588
0.00816313672929143
-0.014893194104037426
0.04068674429091024
-0.16518929619325184
0.4176186512954627
-0.7243214336669634
14.017351071242075
-1.1633532248687117
-7.3319976264230595
-8.546116276611247
-8.515164350444584
Freq:  3814.9994499132213
0.00019265304725881336
-0.00036278844805074506
0.00033612280517028614
-0.00033034815292879084
0.0003494259759610859
-0.0003993409764026973
0.0005052220692549703
-0.0007487281006043204
0.0014429919068241104
-0.0042911571748377505
0.019670587375700065
-0.05630635563181902
0.11896088272327693
-10.040515182372536
13.99132415168543
7.119526518972315
-1.82512403750746
-9.757919258652919
Freq:  13265.75093141087
1.6475778931150592e-05
-3.145318418292926e-05
2.9841908305715263e-05
-2.9735114419067153e-05
3.176129809741926e-05
-3.676151103782947e-05
4.752737760538921e-05
-7.32590056635388e-05
0.00015155481958463516
-0.00050977710684135
0.002811518165870926
-0.00976203736636633
0.027986385449479567
-12.059242407980435
36.46606084513176
-22.09217010952318
-20.319497649043548
17.167508832261934
Freq:  15478.601232089668
1.2102117810405535e-05
-2.3095908403383875e-05
2.1964865984763626e-05
-2.188575750474257e-05
2.3383559221261244e-05
-2.707553588413819e-05
3.5029461560392547e-05
-5.40661862713587e-05
0.00011213142845351098
-0.00037898095566591436
0.0021075052336683516
-0.007392534865210312
0.021617654397587244
-11.05145460142921
35.76363803205373
-25.12436149386113
-20.460025351734238
20.523930172075076
Freq:  23712.64578931126
5.1600945723584925e-06
-9.858379605456565e-06
9.380493704831142e-06
-9.353135016733139e-06
9.993899076299364e-06
-1.1570363994775128e-05
1.4964172253571795e-05
-2.3080052024778883e-05
4.7801669985180635e-05
-0.00016113928399697633
0.0008920913453025045
-0.003112061904897097
0.009003600779068383
-4.141900177416859
12.570849283350343
-6.190529030463394
-10.634348285448295
8.192382072884488
Freq:  62134.06357697698
7.462721539805158e-07
-1.4399806925489966e-06
1.3696316777248002e-06
-1.3678552688923187e-06
1.4658778970822344e-06
-1.7068813385836864e-06
2.2320534040751506e-06
-3.515138751662055e-06
7.567277368337851e-06
-2.7353862074159634e-05
0.00016909574665930783
-0.000665933373652139
0.0023555819258806233
-2.843864503267393
11.071507331939104
-10.360828692697943
-6.70933766227397
9.086423069321864
Freq:  160907.00354780257
1.1113493831997409e-07
-2.1506217615777876e-07
2.0442870299644703e-07
-2.0442685337522213e-07
2.1965071341410065e-07
-2.5709332455934003e-07
3.3953892864166956e-07
-5.445712188416168e-07
1.2109449959700704e-06
-4.62135484512959e-06
3.0842263954787986e-05
-0.0001308431257915257
0.0005158894031496398
-1.1184486150343576
5.891816221365409
-13.54600052396177
11.356535446206086
-2.53118981053742
Freq:  362215.82194860233
2.193257378690884e-08
-4.244516961945445e-08
4.0354514373306455e-08
-4.037222610394415e-08
4.3419879691437924e-08
-5.091809220834788e-08
6.749593828363241e-08
-1.090231288530135e-07
2.4571409899973217e-07
-9.61797324164497e-07
6.7007051005393435e-06
-2.99330368234713e-05
0.00013000810469094431
-0.567549394673447
3.751193529291191
-11.765410648576147
13.181201390507322
-4.604292742681915
Freq:  764540.30586499
4.92375338618451e-09
-9.530803021266482e-09
9.068537863366134e-09
-9.089474664299517e-09
9.814516477404308e-09
-1.1600956535530746e-08
1.5613788546871584e-08
-2.5946070320402523e-08
6.155563434806296e-08
-2.6326439590579776e-07
2.0894414030946714e-06
-1.0643994900351786e-05
5.6148829440733766e-05
-0.46009352051052166
3.3255740909335687
-11.3661223773154
13.458208414618678
-4.973311313735489
