0.000524131288554491           0.0013681041690748266
0.002980880273219364           0.003711805190092787
0.008519228701346115           0.007808514376671936
0.019936942035695578           0.01597745329197698
0.04315561734875196           0.03228945943983948
0.08955194234311142           0.06388424157452519
0.18008503957926283           0.12324241374955458
0.35213358275880985           0.2312773761802589
0.6693141679204582           0.4194906941947863
1.2270776177346767           0.7110336498186062
2.05991465931693           0.8731025306062732
2.9039407771857295           0.9685333792096764
4.143119734548091           1.4545011333420417
7.829729032651106           0.09695733835049104
8.291040941894561           0.2312534752216471
8.716450251554521           0.5724915191960495
8.981096711840895           1.011428969587995
9.242795391741117           1.6609515572390632
