1.4113643340232e-10           0.15339635352249614
1.2248562427778125           0.6034588120777311
5.2448585682854825           1.6959321120112771
10.12380354689363           3.5291974089924345
23.542377167397294           6.388217668072994
53.59855839064925           11.181940693124007
120.51042886562324           19.085543146227927
269.42637470283034           32.11542253619566
600.8450359531621           53.59814998850329
1338.430763771639           89.01713130363802
2979.9579868676137           147.4131591030494
6633.244006238838           243.6919322642728
14763.781565572144           402.4287934927386
32858.6256744429           664.1416330443619
73129.44183341555           1095.6331584284585
162753.79141900392           1807.0424144560632
362216.44961124816           2979.9579870417283
806128.7591239914           4913.768840299134
1794073.772606215           8102.083927575384
3992785.8352109515           13358.726829661873
8886109.520507872           22025.465794806718
19776401.658497788           36314.502674246636
44013192.53483411           59873.14171519782
97953162.60543343           98714.7710107605
