6.343848991809716e-05           0.00016696402005491505
0.00037519510832724967           0.0004889029972166599
0.001156450277041015           0.0011646380748308973
0.002984530769272415           0.0026947058642781524
0.0071399063486066155           0.006035536256403323
0.01625879624584042           0.013039685366263603
0.03558438563753386           0.027235950625184843
0.0752506349427405           0.055161007845899106
0.15431051514603356           0.10858601352124714
0.30765970517370095           0.20821687525384788
0.5979717629540086           0.3905029534416955
1.1385923475334228           0.725354108319977
2.156268925639857           1.3985415926956604
4.439615199315262           4.236957908880173
7.441187869687638           0.06445716704706138
8.166437626637402           0.01860896239160127
10.623948611275479           0.3200515416694203
10.7897556671319           1.9872013200218355
10.894428469839895           3.1485592637109834
11.770978547963304           0.48226628375662156
12.492445453775664           3.551454788050722
13.475198588366338           5.487534745985583
13.665529735384903           5.750528568074815
37.47174858396691           4.904019248252783
