Freq:  1.4113643340232e-10
0.0003337932810600764
0.0009782282238560214
0.0023285765347976634
0.005390315635212049
0.01207001493372722
0.02608059296382525
0.05447050476462218
0.11032376554727971
0.21716980970943406
0.4164370499711702
0.7810020029175584
1.450692173715782
2.7979108562548984
8.0118873840631
2092.331406727939
-11355.007655321097
4720577.112886319
-1175404.4707808446
-7271423.323260449
9614088.87187703
-8233093.9883749
-38278.098164812734
2619377.7540282523
8.974182454814724
Freq:  1.2248562427778125
0.00033430697765841596
0.0009776767064790352
0.002331696283972972
0.005382562383295294
0.012089955012292163
0.02602489698705078
0.05453635886618323
0.10956817007431044
0.2140095405201461
0.3853230531413955
0.5868004907778557
0.2274617830702079
-2.246272833414216
0.03823954551680364
-455.397895820872
1413.1819798847048
-16488.258380814506
-1132.0018412663203
6482.024778986877
22873.54456099802
6961.803528550092
-13486.710754910258
-15191.116622795209
8.974182454814724
Freq:  5.2448585682854825
0.0003373873320953412
0.0009682330149310826
0.0023660286366999988
0.005288279028113784
0.012325584599842539
0.025333305817206782
0.05511888304296184
0.09788622367899252
0.16044150773456664
-0.051865578646435304
-0.6300943029937076
0.5063426956255336
-0.42230640793208357
2.374467083292853
-73.03421173580688
92.67048393186724
38.58902609948703
34.513897119172135
32.43073102485361
17.56114103214261
11.951522814471469
8.942493157533093
9.399749693193826
8.974182454814724
Freq:  10.12380354689363
0.0003303594899268636
0.0009957317231601814
0.0022719666512667058
0.005546856143991084
0.0116247599703836
0.026767431023877675
0.04835776099887548
0.0868148662077548
-0.0200435809989679
-0.32192628948743457
0.24551464985949453
-0.16806533969363663
0.24605573898385735
-1.9686801662777853
70.41373933280136
-95.16453117712277
-31.70278325299833
-26.385847740120088
-23.036737312554642
-6.350413970978956
0.8006751295993602
5.429214676594112
6.679862717024422
8.974182454814724
Freq:  23.542377167397294
0.0003442669174162844
0.0009256336544021849
0.002498013657943598
0.00489605225087816
0.01316307419950259
0.020957959382371886
0.044946712030990564
-0.046765559869497826
-0.1057090376369182
0.11574219642817346
-0.10314584646130849
0.12508555562200982
-0.22846584478737644
1.559016748878955
-32.15028826292118
30.669222997862718
23.134017063318225
21.738279498223303
21.157470021941187
14.341841945070506
11.369811102328141
9.406844941489137
9.917880766446606
8.974182454814724
Freq:  53.59855839064925
0.0003196518067964172
0.0010461399632282755
0.00210040185184645
0.005958501298990524
0.009479579218887035
0.02142898300879592
-0.03141683774805076
-0.03148781609513577
0.042696425945628676
-0.040773351214883714
0.04633900651277623
-0.0657727373411679
0.13287082115472934
-1.035724676726459
28.483909386640317
-33.78469319875354
-17.364501390789393
-14.650962845769168
-12.754408277240044
-3.743094971396121
1.0110078936520104
4.769845360291194
6.0075599658187
8.974182454814724
Freq:  120.51042886562324
0.0003490050874779825
0.0009016785733329897
0.0025544529972281495
0.004318389279099033
0.009927992033838299
-0.015870479736980914
-0.010420923122007287
0.015995143722328676
-0.015728539507202665
0.01741634990546726
-0.02260490812137627
0.0363957330959474
-0.08755414177644219
0.988618492037421
-56.013417291714816
95.09142419931267
-15.719740527236821
-16.92521949735908
-17.090631369334872
-15.460912549783918
-9.75641331709715
-2.334442409500962
-0.45666748741049723
8.974182454814724
Freq:  269.42637470283034
0.0003168901584531387
0.001060101759611914
0.001924644687635034
0.004632205515475977
-0.006879100618592756
-0.004506237378309625
0.006683171196832248
-0.006479204231348625
0.006855091940625586
-0.008066796916841526
0.010779244405776213
-0.017552218495807796
0.042218475930583275
-0.46942486556840046
25.403850204198193
-42.10442041768159
2.401783648548844
4.2904586243269
5.602153320992895
9.010377768796392
9.58418907625789
9.317771352790265
9.998543134211886
8.974182454814724
Freq:  600.8450359531621
0.00035537275575670403
0.0008430522157006139
0.0021773156996964436
-0.0024955325622359682
-0.0025783561664775917
0.0032252705961153955
-0.0030333770690731446
0.003119166791984642
-0.0034806342108727093
0.004225408590245068
-0.005779358206083166
0.009665205177958358
-0.024296659082294704
0.30333230799525596
-21.275870509792636
39.19800636423548
-13.614743030866093
-13.393125559799486
-12.675872128180078
-8.514579000462287
-3.8087142056340535
1.5198294830156076
2.854553094591818
8.974182454814724
Freq:  1338.430763771639
0.0003022517514325066
0.0010152812256784306
-0.0005741165301749135
-0.0016410764281303849
0.0016542033307848226
-0.0014875840479324984
0.0014962159285822304
-0.0016169409712133388
0.0018557790090161749
-0.0023016337806929955
0.003228250725240223
-0.0056164481104470365
0.015169120117093642
-0.2238361801233633
19.961506241361946
-39.05779535874156
14.51967675047861
15.427051939913245
16.14688927834835
15.044020220520109
13.127521456970648
10.844626948968472
11.350925829447062
8.974182454814724
Freq:  2979.9579868676137
0.00036798416943833686
0.00017641312074479024
-0.0009722934566373383
0.0007464809162108934
-0.000619480524099105
0.0006061909416151918
-0.0006402456048389636
0.0007098198072287349
-0.0008301997833358251
0.0010527283499673053
-0.0015282902820283393
0.0028195134192817457
-0.008447196037157914
0.1560381594180914
-19.665545822101045
43.10508534384832
-53.50577662705375
-36.72636297934905
-26.36639254143007
29.718257281577504
45.49086682915246
43.16922809758155
41.87122764788225
8.974182454814724
Freq:  6633.244006238838
0.00027484377412614197
-0.00036229263555736705
0.00012310284155593314
-6.113380036016596e-05
4.914675455734073e-05
-4.785194690795175e-05
5.046069807464036e-05
-5.601082405589156e-05
6.580385713607004e-05
-8.424799783600856e-05
0.00012461043214719676
-0.00023821040704794286
0.0007656371510934732
-0.016922788467689756
2.9023725285380184
-6.9953938591288365
19.618992239889877
4.445041775869781
3.5700623336174786
-12.220428924005788
-16.47481991189915
-13.466317336857193
-20.83631170109384
8.974182454814724
Freq:  14763.781565572144
9.522651802442538e-05
-0.00016873777712070372
0.0001442066735950457
-0.00013727616575854237
0.00014074462910470664
-0.00014989419621779543
0.0001638300063534126
-0.00018439847387687937
0.00021725567397950997
-0.00027664368973923814
0.0004029548642512829
-0.0007464743891831857
0.002252734710729113
-0.042457414157788975
5.598943558015906
-12.49658945764958
23.745006949037602
5.563636706358958
7.053713436489007
-13.440793437580833
-15.591549848082574
-6.839731185004117
-18.852356107455098
8.974182454814724
Freq:  32858.6256744429
2.2255283528757682e-05
-4.149791062828891e-05
3.9158241978520554e-05
-3.88984318462209e-05
4.049531481415845e-05
-4.340435832906979e-05
4.761476103641018e-05
-5.3785813441612775e-05
6.371390596481702e-05
-8.191674766998085e-05
0.00012146808288066664
-0.0002326819723791067
0.0007497495961022234
-0.016651396040169894
2.873685116535678
-6.937074004856724
19.61283603750791
4.417654945458365
3.514451569086151
-12.249019694485106
-16.479090359485784
-13.519419915552918
-20.78627931105063
8.974182454814724
Freq:  73129.44183341555
4.631078736166536e-06
-8.706235521874311e-06
8.409589399847054e-06
-8.411098026323988e-06
8.785617211680167e-06
-9.43652132235678e-06
1.037752533224304e-05
-1.177176348679031e-05
1.4054216877987852e-05
-1.8335898042040928e-05
2.7929337454476478e-05
-5.615440240638289e-05
0.00019753752498219329
-0.005313098980925581
1.216528398725389
-3.208920329161293
23.39379760960824
-0.40902151659746977
-6.435102228127053
-22.304549531685847
-9.91276661163094
6.1487238425456
6.101994712161716
8.974182454814724
Freq:  162753.79141900392
9.366578251320469e-07
-1.7759796367071908e-06
1.7167185184241878e-06
-1.7220521030319077e-06
1.8001992980257078e-06
-1.9350059368498036e-06
2.1304301120226682e-06
-2.421916888902905e-06
2.9036585634745603e-06
-3.818804899318978e-06
5.90612535145515e-06
-1.2225440930622542e-05
4.5602325589631036e-05
-0.0014358966500811377
0.4447111103161586
-1.2994675601673424
20.358170638332425
-3.3387871787473493
-9.310787233045971
-19.74499925926846
-3.6100775585626765
12.918634085937331
14.099783293499115
8.974182454814724
Freq:  362216.44961124816
1.8488368604019254e-07
-3.604528545455352e-07
3.475080756426019e-07
-3.4880670301568945e-07
3.6492407778249733e-07
-3.928368805547908e-07
4.33811375174781e-07
-4.961206474097167e-07
6.01750253293098e-07
-8.090327658840885e-07
1.3034829066550848e-06
-2.9082604801619937e-06
1.2482538939222284e-05
-0.0005457874271073866
0.2905399584284328
-1.0161311243922302
70.0935567547237
-27.232624151628254
-60.032264376604346
-11.263185783127065
58.40611698747758
-4.905422411395529
-26.921987711193065
8.974173189606775
Freq:  806128.7591239914
3.733727624109273e-08
-7.280268402429304e-08
7.020615088318105e-08
-7.049206612798516e-08
7.379644656407817e-08
-7.954673246646162e-08
8.808359613331722e-08
-1.0128548078624439e-07
1.2415970045757598e-07
-1.7032340334815337e-07
2.8488049285893607e-07
-6.80754510130276e-07
3.320740933585026e-06
-0.0001942060217768087
0.15696269009727873
-0.6152813477002251
72.9035529771723
-34.15762858137171
-64.95020732288927
9.989401110988247
53.400916499942184
-15.534506565807094
-30.192837243982787
8.97421337755367
Freq:  1794073.772606215
7.538659140146309e-09
-1.4699730852554668e-08
1.4176148220759882e-08
-1.4234674546145143e-08
1.490354412436016e-08
-1.6068304153417572e-08
1.7800741417999962e-08
-2.0486868288023615e-08
2.5157128498685466e-08
-3.4623430975032784e-08
5.825950160985555e-08
-1.407369001666637e-07
7.003983308399346e-07
-4.2965910904562506e-05
0.038139445988166154
-0.15522740205418317
26.38306765940418
-15.326814121325937
-23.528689700353624
19.63756995192936
-2.5057951462599974
-9.74159385502887
3.7501658638513833
8.974182454814724
Freq:  3992785.8352109515
1.5220519966769408e-09
-2.9678999602678666e-09
2.862318489818062e-09
-2.8743486596369346e-09
3.010036548972479e-09
-3.2465343272440915e-09
3.5996897303458895e-09
-4.14977519870829e-09
5.112836283828606e-09
-7.0815474459608165e-09
1.2061643872836265e-08
-2.9823725411417135e-08
1.556135326626163e-07
-1.0881395345388377e-05
0.012666509541691295
-0.0568077856587586
17.374119826883334
-12.267145876338073
-15.356605438633343
24.0868440071198
-17.10832011213553
-8.418976425140896
12.067046016633238
8.974182454814724
Freq:  8886109.520507872
3.073032824432565e-10
-5.992398889995149e-10
5.779834321853412e-10
-5.805847701551353e-10
6.083742819378493e-10
-6.570978946339275e-10
7.306403405129882e-10
-8.47140311068958e-10
1.0553655510399365e-09
-1.49288914887326e-09
2.6439071035918256e-09
-7.0199452297453305e-09
4.178505869748078e-08
-3.925933508743e-06
0.006944839621414345
-0.03489385088113746
14.059846177304465
2.4817713469082086
-30.380956435394168
40.8276735326714
-47.79468028841019
66.38422302720731
-45.29837012792607
8.974182454814724
Freq:  19776401.658497788
6.204349093465312e-11
-1.2098457560810177e-10
1.1669303732070103e-10
-1.1721866859063169e-10
1.2282980871816852e-10
-1.3266888633788773e-10
1.475204789741426e-10
-1.710512008078214e-10
2.131140871397717e-10
-3.0151469941144525e-10
5.341247133182449e-10
-1.4187259052451833e-09
8.448447114088222e-09
-7.940804015289231e-07
0.0014164249935651567
-0.007180915045603575
5.9658024337635815
-12.385724215235818
4.749181381879233
5.709954315211829
-7.174239615790046
9.507955319571861
-6.311041711601117
9.035883394827646
Freq:  44013192.53483411
1.2526426489407714e-11
-2.4426665033569284e-11
2.3560912208572277e-11
-2.366877929405726e-11
2.4806022204473238e-11
-2.680277523181334e-11
2.982571727385677e-11
-3.4635464964412165e-11
4.3281286794177616e-11
-6.158775482512597e-11
1.103136804009709e-10
-2.9937664968752097e-10
1.8636238121174732e-09
-1.9794385236759158e-07
0.00044513738612159885
-0.002432112503850963
2.910174871466986
-6.3158082652890775
2.545747738085934
3.528654192276943
-5.572741302841174
11.790717041662736
-8.912678707717818
-29.80334685326323
Freq:  97953162.60543343
2.5274308987868136e-12
-4.9364613294506094e-12
4.7042117505513e-12
-4.749068386616271e-12
4.763456272937985e-12
-5.037275911831562e-12
4.841647559266978e-12
-4.54815848106274e-12
2.2962958281798675e-12
4.113239423250239e-12
-3.05383847766016e-11
1.695575191100861e-10
-1.65435081613416e-09
1.9574416408684734e-07
-0.00026780360170914827
0.0011765097618282871
0.030719292739080445
-1.051172726784831
1.2570421875423654
-0.4304643054145716
0.15593666545820783
0.3963466168859913
-0.35436820641787325
8.974182454814724
