           1           1           9           9
  0.000000000000000E+000  0.000000000000000E+000  0.000000000000000E+000
   0.8168986907   0.0000000000
   0.0000000000   0.0000000000
   0.0000000000   0.0000000000
   0.0000000000   0.0000000000
   0.0000000000   0.0000000000
   0.0000000000   0.0000000000
   0.0000000000   0.0000000000
   0.0000000000   0.0000000000
   0.0000000000   0.0000000000
   0.0000000000   0.0000000000
   0.8168986907   0.0000000000
   0.0000000000   0.0000000000
   0.0000000000   0.0000000000
   0.0000000000   0.0000000000
   0.0000000000   0.0000000000
   0.0000000000   0.0000000000
   0.0000000000   0.0000000000
   0.0000000000   0.0000000000
   0.0000000000   0.0000000000
   0.0000000000   0.0000000000
   0.8168986907   0.0000000000
   0.0000000000   0.0000000000
   0.0000000000   0.0000000000
   0.0000000000   0.0000000000
   0.0000000000   0.0000000000
   0.0000000000   0.0000000000
   0.0000000000   0.0000000000
   0.0000000000   0.0000000000
   0.0000000000   0.0000000000
   0.0000000000   0.0000000000
   0.8168986907   0.0000000000
   0.0000000000   0.0000000000
   0.0000000000   0.0000000000
   0.0000000000   0.0000000000
   0.0000000000   0.0000000000
   0.0000000000   0.0000000000
   0.0000000000   0.0000000000
   0.0000000000   0.0000000000
   0.0000000000   0.0000000000
   0.0000000000   0.0000000000
   0.8168986907   0.0000000000
   0.0000000000   0.0000000000
   0.0000000000   0.0000000000
   0.0000000000   0.0000000000
   0.0000000000   0.0000000000
   0.0000000000   0.0000000000
   0.0000000000   0.0000000000
   0.0000000000   0.0000000000
   0.0000000000   0.0000000000
   0.0000000000   0.0000000000
   0.7018775885   0.0000000000
   0.0000000000   0.0000000000
   0.0000000000   0.0000000000
   0.0000000000   0.0000000000
   0.0000000000   0.0000000000
   0.0000000000   0.0000000000
   0.0000000000   0.0000000000
   0.0000000000   0.0000000000
   0.0000000000   0.0000000000
   0.0000000000   0.0000000000
   0.7018775885   0.0000000000
   0.0000000000   0.0000000000
   0.0000000000   0.0000000000
   0.0000000000   0.0000000000
   0.0000000000   0.0000000000
   0.0000000000   0.0000000000
   0.0000000000   0.0000000000
   0.0000000000   0.0000000000
   0.0000000000   0.0000000000
   0.0000000000   0.0000000000
   0.7018775885   0.0000000000
   0.0000000000   0.0000000000
   0.0000000000   0.0000000000
   0.0000000000   0.0000000000
   0.0000000000   0.0000000000
   0.0000000000   0.0000000000
   0.0000000000   0.0000000000
   0.0000000000   0.0000000000
   0.0000000000   0.0000000000
   0.0000000000   0.0000000000
   0.4346451949   0.0000000000
