  -0.9997843614   0.0000000000
  -0.0207722712   0.0000000000
   0.0000000000   0.0000000000
  -0.0000000000   0.0000000000
   0.0000000000   0.0000000000
   0.0207679420   0.0000000000
  -0.9998508961   0.0000000000
   0.0000000000   0.0000000000
  -0.0000000000   0.0000000000
  -0.0000000000   0.0000000000
  -0.0000000000   0.0000000000
   0.0000000000   0.0000000000
   0.3787479520   0.0000000000
  -0.6022505545   0.0000000000
  -0.7027411784   0.0000000000
   0.0000000000   0.0000000000
  -0.0000000000   0.0000000000
   0.9011831299   0.0000000000
   0.0670724709   0.0000000000
   0.4282185836   0.0000000000
  -0.0000000000   0.0000000000
   0.0000000000   0.0000000000
   0.2107601968   0.0000000000
   0.7954850461   0.0000000000
  -0.5681413435   0.0000000000
