           1
         324          18          18
           1   1.00000000000000     
   0.965825154613087   0.000000000000000
   0.000000000000000   0.000000000000000
  -0.000000000000000   0.000000000000000
   0.045401069149295   0.000000000000000
  -0.000000000000000   0.000000000000000
  -0.000000000000000   0.000000000000000
  -0.000000000000000   0.000000000000000
  -0.000000000000000   0.000000000000000
   0.000000000000000   0.000000000000000
  -0.000000000000000   0.000000000000000
   0.000000000000000   0.000000000000000
   0.000000000000000   0.000000000000000
   0.000000000000000   0.000000000000000
  -0.000000000000000   0.000000000000000
   0.128950855054955   0.000000000000000
  -0.000000000000000   0.000000000000000
  -0.000000000000000   0.000000000000000
   0.000000000000000   0.000000000000000
   0.000000000000000   0.000000000000000
   0.965825154613087   0.000000000000000
   0.000000000000000   0.000000000000000
  -0.000000000000000   0.000000000000000
   0.045401069149295   0.000000000000000
  -0.000000000000000   0.000000000000000
  -0.000000000000000   0.000000000000000
  -0.000000000000000   0.000000000000000
   0.000000000000000   0.000000000000000
   0.000000000000000   0.000000000000000
   0.000000000000000   0.000000000000000
  -0.000000000000000   0.000000000000000
  -0.000000000000000   0.000000000000000
   0.000000000000000   0.000000000000000
  -0.000000000000000   0.000000000000000
   0.128950855054955   0.000000000000000
  -0.000000000000000   0.000000000000000
   0.000000000000000   0.000000000000000
  -0.000000000000000   0.000000000000000
   0.000000000000000   0.000000000000000
   0.965825154613087   0.000000000000000
  -0.000000000000000   0.000000000000000
  -0.000000000000000   0.000000000000000
   0.045401069149295   0.000000000000000
   0.000000000000000   0.000000000000000
  -0.000000000000000   0.000000000000000
  -0.000000000000000   0.000000000000000
   0.000000000000000   0.000000000000000
   0.000000000000000   0.000000000000000
   0.000000000000000   0.000000000000000
   0.000000000000000   0.000000000000000
   0.000000000000000   0.000000000000000
  -0.000000000000000   0.000000000000000
  -0.000000000000000   0.000000000000000
   0.128950855054955   0.000000000000000
  -0.000000000000000   0.000000000000000
   0.045401069149295   0.000000000000000
  -0.000000000000000   0.000000000000000
  -0.000000000000000   0.000000000000000
   1.016268501431622   0.000000000000000
   0.000000000000000   0.000000000000000
   0.000000000000000   0.000000000000000
   0.000000000000000   0.000000000000000
  -0.000000000000000   0.000000000000000
   0.000000000000000   0.000000000000000
   0.000000000000000   0.000000000000000
   0.000000000000000   0.000000000000000
   0.000000000000000   0.000000000000000
  -0.000000000000000   0.000000000000000
  -0.000000000000000   0.000000000000000
  -0.210304453683561   0.000000000000000
  -0.000000000000000   0.000000000000000
  -0.000000000000000   0.000000000000000
  -0.000000000000000   0.000000000000000
  -0.000000000000000   0.000000000000000
   0.045401069149295   0.000000000000000
  -0.000000000000000   0.000000000000000
   0.000000000000000   0.000000000000000
   1.016268501431622   0.000000000000000
   0.000000000000000   0.000000000000000
   0.000000000000000   0.000000000000000
   0.000000000000000   0.000000000000000
  -0.000000000000000   0.000000000000000
   0.000000000000000   0.000000000000000
  -0.000000000000000   0.000000000000000
   0.000000000000000   0.000000000000000
  -0.000000000000000   0.000000000000000
  -0.000000000000000   0.000000000000000
  -0.000000000000000   0.000000000000000
  -0.210304453683561   0.000000000000000
  -0.000000000000000   0.000000000000000
  -0.000000000000000   0.000000000000000
  -0.000000000000000   0.000000000000000
  -0.000000000000000   0.000000000000000
   0.045401069149295   0.000000000000000
   0.000000000000000   0.000000000000000
   0.000000000000000   0.000000000000000
   1.016268501431622   0.000000000000000
   0.000000000000000   0.000000000000000
  -0.000000000000000   0.000000000000000
  -0.000000000000000   0.000000000000000
  -0.000000000000000   0.000000000000000
  -0.000000000000000   0.000000000000000
   0.000000000000000   0.000000000000000
   0.000000000000000   0.000000000000000
  -0.000000000000000   0.000000000000000
  -0.000000000000000   0.000000000000000
  -0.000000000000000   0.000000000000000
  -0.210304453683561   0.000000000000000
   0.000000000000000   0.000000000000000
  -0.000000000000000   0.000000000000000
   0.000000000000000   0.000000000000000
  -0.000000000000000   0.000000000000000
  -0.000000000000000   0.000000000000000
  -0.000000000000000   0.000000000000000
   0.000000000000000   0.000000000000000
   1.008283035545772   0.000000000000000
   0.101681250664872   0.000000000000000
  -0.079945255251567   0.000000000000000
  -0.000000000000000   0.000000000000000
   0.000000000000000   0.000000000000000
   0.000000000000000   0.000000000000000
   0.000000000000000   0.000000000000000
  -0.000000000000000   0.000000000000000
   0.000000000000000   0.000000000000000
   0.000000000000000   0.000000000000000
   0.000000000000000   0.000000000000000
  -0.076808520498698   0.000000000000000
  -0.000000000000000   0.000000000000000
  -0.000000000000000   0.000000000000000
  -0.000000000000000   0.000000000000000
   0.000000000000000   0.000000000000000
   0.000000000000000   0.000000000000000
   0.000000000000000   0.000000000000000
   0.101681250664872   0.000000000000000
   1.225716685000997   0.000000000000000
  -0.174229814491913   0.000000000000000
   0.000000000000000   0.000000000000000
   0.000000000000000   0.000000000000000
   0.000000000000000   0.000000000000000
   0.000000000000000   0.000000000000000
  -0.000000000000000   0.000000000000000
  -0.000000000000000   0.000000000000000
  -0.000000000000000   0.000000000000000
   0.000000000000000   0.000000000000000
  -0.297436956170975   0.000000000000000
   0.000000000000000   0.000000000000000
   0.000000000000000   0.000000000000000
   0.000000000000000   0.000000000000000
   0.000000000000000   0.000000000000000
   0.000000000000000   0.000000000000000
   0.000000000000000   0.000000000000000
  -0.079945255251567   0.000000000000000
  -0.174229814491913   0.000000000000000
   1.115991325139010   0.000000000000000
   0.000000000000000   0.000000000000000
  -0.000000000000000   0.000000000000000
  -0.000000000000000   0.000000000000000
  -0.000000000000000   0.000000000000000
   0.000000000000000   0.000000000000000
   0.000000000000000   0.000000000000000
  -0.000000000000000   0.000000000000000
   0.000000000000000   0.000000000000000
   0.145852824009300   0.000000000000000
   0.000000000000000   0.000000000000000
  -0.000000000000000   0.000000000000000
  -0.000000000000000   0.000000000000000
   0.000000000000000   0.000000000000000
   0.000000000000000   0.000000000000000
   0.000000000000000   0.000000000000000
  -0.000000000000000   0.000000000000000
   0.000000000000000   0.000000000000000
   0.000000000000000   0.000000000000000
   1.012938229053215   0.000000000000000
   0.000000000000000   0.000000000000000
   0.000000000000000   0.000000000000000
   0.000000000000000   0.000000000000000
   0.000000000000000   0.000000000000000
   0.000000000000000   0.000000000000000
   0.000000000000000   0.000000000000000
  -0.000000000000000   0.000000000000000
   0.000000000000000   0.000000000000000
  -0.000000000000000   0.000000000000000
  -0.000000000000000   0.000000000000000
  -0.000000000000000   0.000000000000000
  -0.000000000000000   0.000000000000000
   0.000000000000000   0.000000000000000
   0.000000000000000   0.000000000000000
   0.000000000000000   0.000000000000000
   0.000000000000000   0.000000000000000
  -0.000000000000000   0.000000000000000
   0.000000000000000   0.000000000000000
   1.012938229053214   0.000000000000000
   0.000000000000000   0.000000000000000
  -0.000000000000000   0.000000000000000
  -0.000000000000000   0.000000000000000
  -0.000000000000000   0.000000000000000
  -0.000000000000000   0.000000000000000
   0.000000000000000   0.000000000000000
  -0.000000000000000   0.000000000000000
  -0.000000000000000   0.000000000000000
  -0.000000000000000   0.000000000000000
  -0.000000000000000   0.000000000000000
  -0.000000000000000   0.000000000000000
  -0.000000000000000   0.000000000000000
  -0.000000000000000   0.000000000000000
   0.000000000000000   0.000000000000000
   0.000000000000000   0.000000000000000
  -0.000000000000000   0.000000000000000
   0.000000000000000   0.000000000000000
   0.000000000000000   0.000000000000000
   0.951902113359840   0.000000000000000
   0.000000000000000   0.000000000000000
  -0.000000000000000   0.000000000000000
   0.000000000000000   0.000000000000000
  -0.000000000000000   0.000000000000000
  -0.000000000000000   0.000000000000000
  -0.000000000000000   0.000000000000000
  -0.000000000000000   0.000000000000000
   0.000000000000000   0.000000000000000
  -0.000000000000000   0.000000000000000
   0.000000000000000   0.000000000000000
   0.000000000000000   0.000000000000000
  -0.000000000000000   0.000000000000000
   0.000000000000000   0.000000000000000
   0.000000000000000   0.000000000000000
  -0.000000000000000   0.000000000000000
   0.000000000000000   0.000000000000000
  -0.000000000000000   0.000000000000000
   0.000000000000000   0.000000000000000
   1.012938229053214   0.000000000000000
  -0.000000000000000   0.000000000000000
   0.000000000000000   0.000000000000000
   0.000000000000000   0.000000000000000
  -0.000000000000000   0.000000000000000
  -0.000000000000000   0.000000000000000
   0.000000000000000   0.000000000000000
  -0.000000000000000   0.000000000000000
  -0.000000000000000   0.000000000000000
   0.000000000000000   0.000000000000000
   0.000000000000000   0.000000000000000
   0.000000000000000   0.000000000000000
  -0.000000000000000   0.000000000000000
  -0.000000000000000   0.000000000000000
   0.000000000000000   0.000000000000000
   0.000000000000000   0.000000000000000
  -0.000000000000000   0.000000000000000
  -0.000000000000000   0.000000000000000
  -0.000000000000000   0.000000000000000
   0.951902113359840   0.000000000000000
  -0.000000000000000   0.000000000000000
  -0.000000000000000   0.000000000000000
  -0.000000000000000   0.000000000000000
  -0.000000000000000   0.000000000000000
   0.128950855054955   0.000000000000000
  -0.000000000000000   0.000000000000000
  -0.000000000000000   0.000000000000000
  -0.210304453683561   0.000000000000000
  -0.000000000000000   0.000000000000000
  -0.000000000000000   0.000000000000000
  -0.000000000000000   0.000000000000000
   0.000000000000000   0.000000000000000
   0.000000000000000   0.000000000000000
   0.000000000000000   0.000000000000000
   0.000000000000000   0.000000000000000
  -0.000000000000000   0.000000000000000
  -0.000000000000000   0.000000000000000
  -0.000000000000000   0.000000000000000
   0.585593638999032   0.000000000000000
   0.000000000000000   0.000000000000000
   0.000000000000000   0.000000000000000
  -0.000000000000000   0.000000000000000
  -0.000000000000000   0.000000000000000
   0.128950855054955   0.000000000000000
  -0.000000000000000   0.000000000000000
  -0.000000000000000   0.000000000000000
  -0.210304453683561   0.000000000000000
  -0.000000000000000   0.000000000000000
  -0.000000000000000   0.000000000000000
   0.000000000000000   0.000000000000000
  -0.000000000000000   0.000000000000000
  -0.000000000000000   0.000000000000000
  -0.000000000000000   0.000000000000000
  -0.000000000000000   0.000000000000000
  -0.000000000000000   0.000000000000000
   0.000000000000000   0.000000000000000
   0.000000000000000   0.000000000000000
   0.585593638999032   0.000000000000000
   0.000000000000000   0.000000000000000
   0.000000000000000   0.000000000000000
  -0.000000000000000   0.000000000000000
  -0.000000000000000   0.000000000000000
   0.128950855054955   0.000000000000000
  -0.000000000000000   0.000000000000000
  -0.000000000000000   0.000000000000000
  -0.210304453683561   0.000000000000000
  -0.000000000000000   0.000000000000000
  -0.000000000000000   0.000000000000000
   0.000000000000000   0.000000000000000
   0.000000000000000   0.000000000000000
  -0.000000000000000   0.000000000000000
  -0.000000000000000   0.000000000000000
  -0.000000000000000   0.000000000000000
   0.000000000000000   0.000000000000000
   0.000000000000000   0.000000000000000
   0.000000000000000   0.000000000000000
   0.585593638999032   0.000000000000000
   0.000000000000000   0.000000000000000
  -0.000000000000000   0.000000000000000
   0.000000000000000   0.000000000000000
  -0.000000000000000   0.000000000000000
   0.000000000000000   0.000000000000000
   0.000000000000000   0.000000000000000
   0.000000000000000   0.000000000000000
  -0.076808520498698   0.000000000000000
  -0.297436956170975   0.000000000000000
   0.145852824009300   0.000000000000000
   0.000000000000000   0.000000000000000
  -0.000000000000000   0.000000000000000
  -0.000000000000000   0.000000000000000
  -0.000000000000000   0.000000000000000
  -0.000000000000000   0.000000000000000
   0.000000000000000   0.000000000000000
   0.000000000000000   0.000000000000000
  -0.000000000000000   0.000000000000000
   1.252916516472964   0.000000000000000
