8.842873553719631e-05           0.00023268302434645974
0.0005224302846601773           0.0006799317322462681
0.0016070330598165448           0.00161465376224078
0.004137200605291605           0.003725102848940638
0.009873117911296575           0.00832217017130571
0.022429473598421987           0.017935947934673187
0.04897457059725507           0.03736929197243631
0.10332124538815537           0.07548983235983311
0.21135671212045207           0.14820066032663373
0.4202889601915252           0.28325683607743174
0.8143521851969101           0.5290500188095033
1.5451452425010395           0.9789002225662108
2.849149579639685           1.0273431369828563
3.041333343213309           0.9113041340888344
4.97835852721022           0.42390824105444236
6.4244775076313685           0.9032143669861997
6.904469955551249           1.6303663158308235
7.175946586155626           2.3658390462574967
7.263547586216531           3.0987090422937245
7.44338511315423           4.039681901335427
