Freq:  0.157043532327962
8.863949914412369e-06
2.196079504136369e-05
3.887568585929429e-05
6.359910172529069e-05
0.00010259485999273977
0.0001654177218179601
0.00026595456008794986
0.000424742411957396
0.0006725687981942293
0.001055410067839438
0.001641492000600444
0.002531317069048792
0.0038718905264042295
0.005877007257529639
0.008855453982793393
0.013251229541524202
0.019698322305014993
0.0290989972570484
0.04272803277706568
0.062382362655464534
0.09057452086844026
0.13081144997656838
0.18793633114696506
0.26861364714227937
0.38183548107770166
0.5395290134136694
0.7565993338945787
1.0498320038734081
1.4316175325115372
1.8917044545963235
2.339763922642968
2.4509461135416295
1.1745141809421469
-4.932788837248641
Freq:  0.48775444796607
8.863963356918402e-06
2.1960351682521185e-05
3.88762287531521e-05
6.359807042183977e-05
0.00010259607782900087
0.00016541575954201213
0.0002659572754547273
0.0004247378747455926
0.0006725759173089198
0.0010553977647149864
0.001641511619087654
0.00253128071283031
0.0038719397659482996
0.005876882329670713
0.008855510544953737
0.013250608899439445
0.019697543577891132
0.029094248612692223
0.04271598960461545
0.06233811917847825
0.09044395819115657
0.13039204376578106
0.18667970528409078
0.26480142039621274
0.37062953653783365
0.506858533940879
0.6636432730328214
0.7909813705845651
0.7377204455346505
0.13836355165509492
-1.5992496990724623
-4.300662134816788
-2.585841923228167
12.278644782706815
Freq:  0.870537615601733
8.864304506242999e-06
2.1959620282455815e-05
3.88778129611993e-05
6.359595875385295e-05
0.0001025992462152225
0.00016541146309097607
0.0002659639572917161
0.00042472753659783546
0.0006725929265524064
0.001055369195640817
0.0016415579079946383
0.0025311954980066493
0.003872054990174767
0.005876586421289775
0.00885563547757169
0.013249116257347414
0.019695616253655446
0.02908270802919369
0.04268659842390637
0.06223027591272253
0.09012605130942652
0.12937066888278406
0.18362949053094643
0.25557621312099416
0.3437822709034441
0.4299141157420778
0.4530422087472811
0.24803826641268104
-0.48851338935538857
-1.927693734304772
-2.367348463986482
2.5408697413426378
2.3137647147301985
-12.86344125538493
Freq:  1.3476766920864
8.861854198012584e-06
2.1967738129914624e-05
3.886311409695643e-05
6.361767705533726e-05
0.00010256893352991012
0.00016545470068431902
0.0002658989632698141
0.00042483008874781054
0.0006724251766810274
0.0010556475366197663
0.001641086344379887
0.0025319740274708014
0.003870689249525529
0.005878662292811878
0.008851427891255708
0.013253473138044099
0.019679489463536443
0.029079288476329214
0.04259384373671007
0.06206505370979634
0.08939080950222031
0.12744816320835156
0.17722100901593305
0.2375584324841333
0.29033491758171065
0.2864291371623834
0.08632390719646237
-0.5148231830128519
-1.5026260312499615
-1.0762536424003382
2.589834983059738
-0.9060119745891922
-1.113996687955842
7.131175688908066
Freq:  1.97374267919792
8.870057369056674e-06
2.1940561090186706e-05
3.89123231107238e-05
6.354496767131378e-05
0.00010267041281295089
0.0001653099367205455
0.00026611650343664686
0.0004244865305429547
0.0006729858704536112
0.0010547118577076146
0.0016426504709329544
0.002529310554506696
0.0038750525727527605
0.005870944704806688
0.008862812988526933
0.013229455537114722
0.019701575458228177
0.02898413368148177
0.04255697860831437
0.06150230756282075
0.0883453609388107
0.12304483297317131
0.16594548485340416
0.20147506825561406
0.19633519325768845
0.04021277887483675
-0.4010405163000421
-1.0923596620055305
-0.549094692604943
1.9076968803654966
-1.1960425129367933
0.3887340348965034
-0.025195654866339012
0.28110007986392205
Freq:  2.82270909467852
8.852843644822874e-06
2.1997590033634093e-05
3.880906154697249e-05
6.36975425657685e-05
0.00010245746122067821
0.00016561370064918125
0.00026565992063717556
0.0004252071695097469
0.0006718077821281595
0.001056669990206367
0.0016393451760605181
0.0025348172263110202
0.0038655745450992176
0.0058860093294741955
0.008834813926982002
0.013265847845693783
0.01960702553144637
0.02902483088395467
0.04211166095679017
0.06101866885505032
0.08529518195475495
0.11625329328617329
0.14169818838506196
0.1406375768894123
0.029624057155531874
-0.2819466034312922
-0.7809411822867827
-0.3464076110295038
1.3456034071375724
-0.9340374767898257
0.4373070468644886
-0.2968090482429684
0.6371418413158665
-5.150755153009811
Freq:  3.99788832832195
8.878600423097867e-06
2.1912257915529987e-05
3.896357145225846e-05
6.346924296779643e-05
0.00010277609844935874
0.00016515913786320372
0.00026634301446047524
0.00042412820936215485
0.0006735685338660988
0.001053729715873453
0.0016442561520985403
0.002526429328570958
0.003879245538561224
0.005861506850502889
0.00887002062764156
0.013187512699590686
0.019669066222810623
0.028695497967477727
0.04191291697297848
0.05895614119626091
0.08123251945412317
0.10016342609553479
0.10234622764630094
0.027798771963281455
-0.188563753855659
-0.5522664677844844
-0.2599447966719001
0.9486852607335925
-0.6518070087009056
0.2990382334204728
-0.16944356466220856
0.20193517450837328
-0.589147216067957
4.828898556945948
Freq:  5.64628844319699
8.850353433167483e-06
2.2005840279570358e-05
3.879412176770068e-05
6.37196172230211e-05
0.00010242663231951294
0.00016565763281642276
0.00026559355845859746
0.0004253107703789377
0.0006716327399686919
0.001056939714046405
0.001638800030404566
0.00253539434752461
0.003863291229261767
0.005885121490737017
0.008819261630658567
0.013232778775663588
0.01945934432647894
0.0285949966611152
0.04060731273525743
0.056438890754913214
0.07084388789321552
0.07448473597292384
0.026762289609327167
-0.12237556384692157
-0.38575101599602873
-0.2119174684035313
0.6706133435098715
-0.43696060568666917
0.18102959354316464
-0.07649201571636882
0.04716849796813392
-0.05295231250871456
0.12714139928659257
-0.8822998476514529
Freq:  7.97971358525056
8.869882700993995e-06
2.1941139286793754e-05
3.891127705616258e-05
6.35465027533161e-05
0.00010266825181384517
0.00016531282922845902
0.00026611151922841826
0.0004244909396483353
0.0006729655265589053
0.00105468762222167
0.0016424708151493831
0.002528736331799163
0.0038727986293302552
0.005862780255510998
0.008834258250728122
0.013128710445022106
0.01936532951246649
0.027853145991517583
0.03893497850562792
0.04999576523723402
0.05384068291849132
0.024699821889245965
-0.07764066350669278
-0.26588263216965763
-0.1758592213793469
0.473061995820848
-0.28601148734145126
0.10169744663048816
-0.025517070109330908
-0.0063132551508340295
0.03738375699801644
-0.11857555187844948
0.5136853009980769
-4.844415178139911
Freq:  11.3061048539807
8.87376701506595e-06
2.1928271488602972e-05
3.893457187962562e-05
6.351208840635179e-05
0.00010271622019951875
0.0001652443139872964
0.00026621350668253226
0.0004243269978741307
0.0006732171467374375
0.0010542116463489553
0.001643019847500352
0.0025269078908805886
0.0038723233843550335
0.005851010537275794
0.008808059581944088
0.013015101060316695
0.019012326548718404
0.026656109122177526
0.03513875908775097
0.038561148769259646
0.021695729067004274
-0.0482370716867233
-0.18078287516432137
-0.14432740035893743
0.33163472105615327
-0.1833478828076055
0.052554052248803856
-0.00041166086475408203
-0.02259478601634496
0.04646431222006253
-0.0980684597331467
0.2645610547284365
-1.0943036867132054
10.172223539779955
Freq:  16.0764740365438
8.8299564335435e-06
2.2073414425883425e-05
3.8671766176375704e-05
6.390037502478833e-05
0.00010217425137622454
0.00016601700233827982
0.0002650508565621621
0.00042615496301215156
0.0006702026920005089
0.0010591043676815301
0.0016343191768033592
0.0025396393326643976
0.0038439006903615916
0.005872519754797568
0.00868036890911845
0.012904834597644556
0.018110471577334173
0.024560809216188226
0.027353265050347006
0.018243398070813308
-0.029286158373433055
-0.12125720746801133
-0.11600886692068885
0.23033893826060972
-0.11482009093262871
0.023449259909845074
0.0107898513066996
-0.025415467775136757
0.04002643820521634
-0.06743089552971393
0.13614892173539772
-0.3634606447168718
1.5015077635912597
-13.979613582200681
Freq:  22.955699193585
8.930553316288982e-06
2.174013778335614e-05
3.927522042631157e-05
6.30087134762438e-05
0.00010341859402184622
0.00016424128275824884
0.0002677162820326586
0.0004219324693328656
0.0006770377485978577
0.0010474689047600334
0.001652856491266049
0.0025045474307376736
0.003888292318995263
0.005745064845004126
0.008703435310928948
0.012212036825780053
0.017053466143657374
0.019223460513485478
0.014788781030238996
-0.017280868303778563
-0.08022838780105784
-0.0911444539747942
0.1581449596378863
-0.06981602839217396
0.006954314375694395
0.014828182179764407
-0.0235342896074906
0.031913367448656665
-0.046290367349137995
0.07689986724308923
-0.15534636692029657
0.4160810195441793
-1.7243414643030182
16.089078533170248
Freq:  32.9300533739208
8.756422580587651e-06
2.2317033285134194e-05
3.823062787873706e-05
6.455213495058115e-05
0.00010126407386731135
0.00016731341627514162
0.0002630918795960414
0.00042920464015407285
0.0006650274231531717
0.0010669520981931783
0.0016180070282684877
0.0025552157940305284
0.0037727661566552655
0.005828739912311446
0.008172829399649766
0.011753343642410999
0.013388933129215855
0.01162863528599101
-0.009820803117713117
-0.05233885548885488
-0.07006036498549503
0.10716183394741105
-0.0408407364630209
-0.0017381576236565888
0.015174111279149749
-0.02006380613391974
0.024674806009406663
-0.032248907020040046
0.04676534023646234
-0.07820224378708929
0.1591395237141091
-0.42914956912797564
1.7891372392585456
-16.778019633830663
Freq:  47.4716503795875
9.020872441375467e-06
2.144090319203707e-05
3.9817042384013686e-05
6.220790235209041e-05
0.00010453557321990464
0.00016264290584666879
0.00027009885821140984
0.00041807420139093105
0.000682951964515138
0.0010359640143407342
0.00166576601853871
0.002457678920585768
0.003874034149043283
0.005428058039283463
0.00803580636522354
0.009243800206761833
0.00891052179682286
-0.005290016562590627
-0.033639888649833236
-0.05276868481282975
0.07156362323709314
-0.02261949181082676
-0.005762178281389807
0.01377760296071117
-0.016349771916780928
0.01879864019839389
-0.022815397144320237
0.030024288476853067
-0.04390835986774971
0.07390362804798356
-0.15101284889961653
0.4080846581330042
-1.7024726956421308
15.964010159982372
Freq:  68.7917008243347
8.649208016507438e-06
2.2672244177242284e-05
3.75873507833047e-05
6.550242593722543e-05
9.993541218104038e-05
0.00016920031485592128
0.0002602088594024399
0.00043356695788679487
0.0006570430029821817
0.0010768537800772754
0.0015875505669968632
0.0025541736746402723
0.003576975117680351
0.005447688935454751
0.00632673521937836
0.006676445161555682
-0.0026174223337891217
-0.02127610970269124
-0.0390008305978704
0.047028188439779794
-0.011497770870068483
-0.00710321739181401
0.011697166982494511
-0.012929606319020119
0.014180352882819852
-0.016328101486599578
0.02005157127836535
-0.026664029442227455
0.039293883915910266
-0.06648866951790144
0.13635515370343798
-0.3693944047082445
1.54365606527125
-14.48886745677618
Freq:  100.233371651064
9.14541277423753e-06
2.102826718556629e-05
4.0564201269924494e-05
6.110287758066066e-05
0.00010607459205115981
0.00016042497726882418
0.0002733432692522567
0.00041251639226348974
0.0006902774941826654
0.0010163018556493715
0.0016698750439767818
0.002337922029744608
0.003660634573448929
0.004292271213438833
0.004904260088431124
-0.0011020161133496978
-0.013218055715004295
-0.02831989116943307
0.03035962906743554
-0.004974273952825167
-0.006994949141602879
0.009491230299360531
-0.009988473590525918
0.010596605967499943
-0.011758414024192573
0.013753592929906522
-0.017104017583062903
0.02295785862434066
-0.03406596798638195
0.057938462723726825
-0.11927577468538342
0.3240563318554148
-1.3572510673689742
12.765239024362021
Freq:  146.885807590625
8.506452066172744e-06
2.3145228942453994e-05
3.673049379576579e-05
6.676749128853624e-05
9.815927288972775e-05
0.000171694243095375
0.00025624502395116353
0.00043894535955636173
0.0006443093574364026
0.0010823758950676875
0.001514832399404479
0.002437500778902894
0.0028857413625397975
0.003538540752445793
-0.0002905584105396767
-0.008046195174576632
-0.02022229138734742
0.019213077244786016
-0.0013581729521845477
-0.006187323013253821
0.0074385098835469485
-0.007556656382925523
0.007828883351790765
-0.008461906893310576
0.009559750152907595
-0.011331387361095013
0.014225306312526331
-0.019224921333904854
0.028677878704780113
-0.048992193048474464
0.10126257163608887
-0.27610028140727216
1.1597721436474941
-10.929990621589813
Freq:  216.551416031314
9.307474907622255e-06
2.0491221623268542e-05
4.153652663889107e-05
5.96615754565046e-05
0.00010806985866019508
0.00015747461476542412
0.00027735075012936454
0.0004041472797207422
0.0006956313475441729
0.0009723412736182321
0.0016080498930765386
0.001921837840121741
0.0025113766936548116
0.00010577047076587088
-0.00478232788774214
-0.014208676964100882
0.011886005431531909
0.0004775716402207902
-0.005124367760373543
0.0056674664725587
-0.005610756442085894
0.005717022995153561
-0.0060680109802007665
0.006691260029542748
-0.007667232704094057
0.009176806131419357
-0.01159604797539096
0.015737809231099548
-0.023532457140839125
0.04023815600300984
-0.08314769123971999
0.22649619686485067
-0.9503983343692326
8.950478469384965
Freq:  321.282348231238
8.323773757688059e-06
2.3750541633421607e-05
3.5632658133900093e-05
6.838398142932321e-05
9.585449003792065e-05
0.00017478381047814073
0.000250571376178778
0.00044360615438668403
0.0006177172042112272
0.0010510434979255573
0.001267085518053121
0.0017552033672863744
0.00026710953414351736
-0.0027609247320079487
-0.009827293145149575
0.007160762107707205
0.0012657566141026826
-0.004049289997824714
0.004211807633629029
-0.004089784872757688
0.004118563851327356
-0.00431670803381983
0.004680276953524708
-0.0052364091357971765
0.006058677481991542
-0.0072982455077397895
0.009260204820662143
-0.012597608910182606
0.018856064841744402
-0.032238074921587034
0.06654242818885803
-0.18091431197910168
0.7572542653707899
-7.111247102742954
Freq:  479.842530086855
9.512160357958533e-06
1.981258250819903e-05
4.2764242851713456e-05
5.782627587750484e-05
0.00011054525336592382
0.00015343783972663
0.0002812650764980133
0.00038791601217581643
0.0006808638693732031
0.0008263580350768735
0.001209153789617174
0.000303289896536517
-0.0015358376866511584
-0.006691832679085296
0.004177827317092515
0.0014727588433197558
-0.0030845768492594318
0.0030602232758373603
-0.002928430830866461
0.0029253425065016696
-0.0030405828662141803
0.003259467970869425
-0.0035877690289589613
0.004054968073773799
-0.004724285025838951
0.005718637849464678
-0.007282368178134713
0.00993641174515661
-0.014912995173412158
0.025565518913817586
-0.05292232135841379
0.14433737128335533
-0.606164119849975
5.712258737155583
Freq:  721.689316309589
8.095818771285802e-06
2.4505951721354472e-05
3.425688648412176e-05
7.038429776458843e-05
9.28237029895865e-05
0.00017806894268126262
0.0002404421884627727
0.000437597151600258
0.0005324912262790441
0.0008218537463404656
0.00027907548582497817
-0.0008120491582105248
-0.004486400186083664
0.002340592163770498
0.001384987417242734
-0.0022782394167833626
0.002176319532262338
-0.002059226600902379
0.0020457522096355664
-0.0021148002945408527
0.002249973996748829
-0.002449107546777088
0.0027230811141282438
-0.0030984194035985624
0.003626232563829504
-0.0044030253994586654
0.005618881039897161
-0.007677873195788998
0.011535014240674657
-0.019788989334408424
0.04098689178226911
-0.1118335583824912
0.4698182163862743
-4.4282856766443714
Freq:  1093.47582564861
9.764360374530166e-06
1.8974963372265694e-05
4.427262803085083e-05
5.549297892018153e-05
0.00011332887888182409
0.0001468608049011494
0.00027974833472825127
0.0003384857998693497
0.0005518634894414321
0.00023104097383290815
-0.0003975019595797978
-0.0029611192200823516
0.001241552139788564
0.0011714193830567026
-0.0016370650335577055
0.001515608036213401
-0.0014213806363848353
0.0014069040759356866
-0.0014495396079290562
0.001534818489053679
-0.0016583697954761917
0.0018234396161344955
-0.0020409916462993533
0.002332715321957564
-0.0027383645397825174
0.0033318413171691957
-0.004257942082498356
0.005823907044702509
-0.008755432966061849
0.01502681928116334
-0.03113116789671988
0.08495162674329038
-0.35688898501358857
3.363587206080844
Freq:  1669.78029822566
7.819039197420362e-06
2.5422709424375786e-05
3.255879928893726e-05
7.270237611827176e-05
8.833208508038132e-05
0.00017876531990585628
0.00021181720968627864
0.00036685672266677726
0.000178608995617416
-0.00016927032516355045
-0.0019238014446439364
0.0006073293523654943
0.0009259650626298202
-0.001146487971305082
0.0010333324690398314
-0.000962088676311799
0.000949975652283646
-0.0009769150775274195
0.001031447987448821
-0.0011092647363893197
0.0012106820611294629
-0.0013400275001957517
0.0015065416973216277
-0.001727023631739752
0.002031497191057982
-0.002475303235784501
0.003166554544035971
-0.0043344453206160816
0.006520260742850337
-0.01119687287241633
0.023209762650774568
-0.06337384916694955
0.26640341220774566
-2.5120488087903077
Freq:  2571.00745656278
1.0064620496274293e-05
1.797104878948502e-05
4.603395305951799e-05
5.233369947111747e-05
0.00011501963785548274
0.00013018383554968017
0.00024235578522406858
0.0001310517997417283
-5.0085826377414746e-05
-0.0012302248351930953
0.00025809917811818234
0.0006961545642656731
-0.0007829050412056774
0.0006889483509925881
-0.0006373994027043495
0.0006282813778887275
-0.0006454593461655978
0.0006804339779550977
-0.000729699493327966
0.0007926215017792443
-0.0008707352043820279
0.0009679155057261933
-0.0010913190049743927
0.001253443879635073
-0.0014763197122406035
0.001800340005051984
-0.0023042617907062246
0.0031549236446773155
-0.004746210788483141
0.008149637151769307
-0.016889441213052248
0.04610203908456878
-0.19374451519596825
1.8269875637117927
Freq:  3993.6144689187
7.498439532482843e-06
2.6478680004827268e-05
3.0445243277580695e-05
7.466352843301691e-05
7.851386391512126e-05
0.00016014180975219684
9.201304851121035e-05
7.556723432007313e-06
-0.0007744292693070501
7.801956272261327e-05
0.000502187038080814
-0.0005208905957504956
0.00044816904306988197
-0.0004120774993452968
0.00040553671151380953
-0.00041638774199969167
0.0004386161374341145
-0.0004696304338432314
0.0005086371957701494
-0.0005560526072221524
0.0006134447238133316
-0.0006838503219847459
0.0007725369356529378
-0.0008885162150409562
0.001047555614292886
-0.001278492964080974
0.001637511444595341
-0.002243605929525855
0.0033776748910898657
-0.005803764969808944
0.012034596502670691
-0.03286018095622989
0.13807817502903852
-1.3009869536330356
Freq:  6261.81995840418
1.0396721434197021e-05
1.6825387422922725e-05
4.773075027714627e-05
4.6605198780465624e-05
0.00010673263933883874
6.219443653740988e-05
3.218749325117662e-05
-0.0004801447171207395
-5.7164415107367815e-06
0.00034899397105001603
-0.000336829651340302
0.00028324453136989664
-0.00025858668012672154
0.00025392925225018706
-0.0002605380633883325
0.00027431304802511393
-0.00029345006958509377
0.00031726893602041666
-0.0003457758010618887
0.00037955640787482384
-0.00041986385097694985
0.00046889456875355735
-0.000530340888260393
0.0006104468921272546
-0.0007200886902808401
0.0008791235526590946
-0.0011262108654285785
0.0015432152578499503
-0.002323433331380631
0.003992860749841287
-0.008282254700664904
0.0226297943475946
-0.09521448903601915
0.8992881784702114
Freq:  9917.40588704377
7.171012692573945e-06
2.7505825929854282e-05
2.740325165889657e-05
7.180014581501147e-05
4.105677268201011e-05
4.0311934924881044e-05
-0.00029334738228724793
-3.771905407368812e-05
0.0002338776303823273
-0.00021069042738456017
0.00017265520441083425
-0.00015610084651334843
0.00015270209432699001
-0.00015642680959916872
0.0001645697690620696
-0.00017593023478070186
0.00019000392778692975
-0.00020667942792730219
0.0002261416988111973
-0.00024888157236635424
0.0002757894797117211
-0.0003083549223174206
0.000349040096819523
-0.00040198155493216536
0.00047436510257305164
-0.0005792936012158634
0.000742259494459302
-0.0010172285220094168
0.001531603377675883
-0.0026320472432222464
0.005459179998678065
-0.01491402954605725
0.0627245952834965
-0.5916683919469108
Freq:  15878.6483375809
1.0676233014666751e-05
1.564015409147677e-05
4.7293202974470317e-05
2.747752873498763e-05
4.08925072280583e-05
-0.00017625004001219216
-4.45010108040642e-05
0.000150917722568062
-0.00012639354672177273
0.00010019654619918554
-8.921160622242806e-05
8.662179171036819e-05
-8.84039930442747e-05
9.282733342405793e-05
-9.912345869118038e-05
0.00010694802796640009
-0.00011618234401456485
0.00012685949246151983
-0.00013915367779155074
0.00015340507821513913
-0.00017019005157028748
0.0001904485743990565
-0.00021572114958733318
0.00024858550711030265
-0.00029351550003904337
0.00035867027085736985
-0.00045993306987732185
0.0006309386905619108
-0.0009511276131742297
0.0016368560837672352
-0.00340100574137292
0.009312574558009157
-0.03928999598458027
0.3723297687426843
Freq:  25729.5361961595
7.019494135956023e-06
2.75422530778707e-05
1.9744396136197588e-05
3.774875525373981e-05
-0.00010216318657359383
-4.1592230705495416e-05
9.375889513296175e-05
-7.191326991768968e-05
5.4353453475345476e-05
-4.7154695648245865e-05
4.513532408236555e-05
-4.569860865589594e-05
4.777308219559189e-05
-5.0884930537639845e-05
5.4813866493876235e-05
-5.9466269708109676e-05
6.482672064639068e-05
-7.094277377760454e-05
7.792860441418548e-05
-8.598493809567394e-05
9.543955734879744e-05
-0.00010682036273172713
0.00012098635775501312
-0.0001393700890575042
0.00016445025170352956
-0.00020073683145352406
0.0002570008584982242
-0.00035183168592026193
0.0005291744278642652
-0.0009086808639434119
0.0018840635888510704
-0.005146571954405488
0.021631492437315103
-0.20340207318851355
Freq:  42273.3745824206
1.0514439505241786e-05
1.4489728470697785e-05
3.1649846281479134e-05
-5.247567902161278e-05
-3.7422173011847e-05
5.6504483780637613e-05
-3.847242776117453e-05
2.7072934566491714e-05
-2.2493817825776365e-05
2.0983775105486175e-05
-2.0926974810644642e-05
2.1685094588673282e-05
-2.2980497425675537e-05
2.4680594590914154e-05
-2.6724011139129556e-05
2.908751933245154e-05
-3.177740549126045e-05
3.482427628955275e-05
-3.829015211677331e-05
4.2276711758519466e-05
-4.69486853767847e-05
5.256757014682201e-05
-5.9558730725259145e-05
6.862795188502117e-05
-8.099395655893084e-05
9.886409254202592e-05
-0.000126512253879967
0.00017296148313544757
-0.00025948612985371433
0.00044387513020066605
-0.0009157465834417344
0.0024867498595630977
-0.010385019824630248
0.09704585291148149
Freq:  70711.4313348868
7.468924835591317e-06
2.2209291307466732e-05
-1.6701735978703587e-05
-3.390429248358728e-05
3.287424460976666e-05
-1.8896646929687463e-05
1.1958421470236868e-05
-9.268307253235028e-06
8.273090244982243e-06
-8.030005411611903e-06
8.186337556091592e-06
-8.59157220960656e-06
9.17438290083878e-06
-9.899432090317798e-06
1.0750362801304966e-05
-1.1722713378489995e-05
1.2821296871141485e-05
-1.406016074006252e-05
1.546467405768269e-05
-1.707610425376923e-05
1.8959858204836005e-05
-2.121982570240863e-05
2.402368133490665e-05
-2.764926334815343e-05
3.257437160872345e-05
-3.96629610014132e-05
5.058981020175657e-05
-6.890455003602525e-05
0.00010298733994340559
-0.0001755548213718261
0.00036094786095763887
-0.0009768503079392588
0.004068146781008863
-0.037998222774749735
Freq:  121772.294075756
9.429071689053876e-06
5.9311916885006655e-06
-2.652844437187573e-05
1.591121881818737e-05
-7.038815973806734e-06
3.7476770691823665e-06
-2.5788292693185123e-06
2.1260709797401515e-06
-1.961704070471118e-06
1.9383808791362213e-06
-1.9962231560659858e-06
2.1076788135830876e-06
-2.259082049649308e-06
2.443594091468054e-06
-2.6582476553510884e-06
2.902701787621336e-06
-3.1788532164375542e-06
3.4910178355048805e-06
-3.8466610840859686e-06
4.257848435947932e-06
-4.7438311587214704e-06
5.335604870988775e-06
-6.084123978511435e-06
7.075730666605828e-06
-8.462501068534634e-06
1.0525319822318746e-05
-1.3815180235410285e-05
1.9501555922674108e-05
-3.0342792282256337e-05
5.3845624535253656e-05
-0.0001148112260296319
0.00032070363931824275
-0.001379201554211562
0.013538072781834387
Freq:  223895.2097452
8.636910775981102e-06
-1.0351832732831444e-05
1.3754520707707845e-06
8.325847049811097e-07
-8.957604225222972e-07
7.318483974307082e-07
-6.191253826455523e-07
5.643338670203372e-07
-5.484043177668842e-07
5.575047634073836e-07
-5.835887656998131e-07
6.221601621282788e-07
-6.707436234573315e-07
7.280525565791216e-07
-7.935653642940268e-07
8.673301193337689e-07
-9.499115341748358e-07
1.0424494905431287e-06
-1.146834424901183e-06
1.266038361216748e-06
-1.4046832833534972e-06
1.5700031185290897e-06
-1.7735046892834727e-06
2.03393778386296e-06
-2.382738367237569e-06
2.875113019704112e-06
-3.6174684535095203e-06
4.830972535369016e-06
-6.9976749498268376e-06
1.1252738714273569e-05
-2.071573058781695e-05
4.619695565111215e-05
-0.00013762940743156094
0.0006387706735928589
Freq:  511167.180575363
2.6098792328542343e-06
-4.293063995189242e-06
2.737949382818357e-06
-1.7475139718807438e-06
1.182920417480991e-06
-8.736863360036992e-07
7.154870435246877e-07
-6.437023816698755e-07
6.217353287097261e-07
-6.300833017342704e-07
6.584567310711283e-07
-7.013504173202748e-07
7.55810534478255e-07
-8.203430754378594e-07
8.943902532321637e-07
-9.781053006275957e-07
1.0723110711160968e-06
-1.178609047744212e-06
1.2996565543592353e-06
-1.4396772388507173e-06
1.6053402558998536e-06
-1.8072621244570597e-06
2.0626503816519037e-06
-2.4000895410547507e-06
2.8683149006919484e-06
-3.552649373544936e-06
4.6096965952702185e-06
-6.348267340972047e-06
9.443342919024378e-06
-1.5531260345813536e-05
2.8974840569073734e-05
-6.228154726528601e-05
0.0001376771203727145
0.0007122390263560874
