0.000001714736251           0.000004431859960
0.000009319802732           0.000010980758773
0.000024302616807           0.000019437256349
0.000049482618605           0.000031800270744
0.000090264042296           0.000051296673677
0.000156025071505           0.000082709588063
0.000261931596439           0.000132976624341
0.000431631737003           0.000212371742669
0.000701431022841           0.000336284071393
0.001126581132303           0.000527705004255
0.001790538099368           0.000820746724199
0.002818442710488           0.001265656823748
0.004396613985562           0.001935949524221
0.006800572618268           0.002938498181313
0.010435103743077           0.004427745609891
0.015891226467705           0.006625613560090
0.024026792358172           0.009849268137974
0.036079959477982           0.014549670834922
0.053828210911030           0.021364880820575
0.079810213884762           0.031193465982642
0.117634065092734           0.045295259298529
0.172403919381686           0.065429264307037
0.251308497218575           0.094042118592235
0.364430861215190           0.134525882224622
0.525861591666699           0.191572648173248
0.755232134542368           0.271669558230178
1.079843356630390           0.383811624569037
1.537675642165950           0.540589327396990
2.181809658368820           0.760012495910808
3.087384050821320           1.069002899816490
4.363863206811100           1.511261923339600
6.180624421988000           2.168763561959420
8.834773610537720           3.238506003394980
13.01931252008850           5.489633460260330