Freq:  0.39321509017466844
0.028339230944987664
0.08612580053003234
0.22038088075365275
0.5272645253338372
1.2417099632774773
2.3338889243260663
Freq:  1.4591009834545725
0.02846161821930715
0.08781117936185293
0.21276433051708357
0.504697948545378
0.5819281841890949
-1.8889637670168449
Freq:  3.647023002055347
0.02855207680119258
0.0845137432964501
0.2096635182999934
0.24583185821696643
-0.8072294291339197
0.30168559266516165
Freq:  9.014859470442737
0.02790304188906719
0.08513991697054334
0.11692206471145136
-0.31977378772062204
0.11463015941224523
-0.037284177306245225
Freq:  23.709857049180425
0.028753038893458312
0.05712376972540403
-0.1145697480856937
0.03624738934751078
-0.011255609245148178
0.006374591482579734
Freq:  73.34195158828626
0.024370134979581924
-0.030494928394442396
0.007724744095177769
-0.002417951888586893
0.0013875531253846325
-0.0011383767173173895
